ants
[[1000. 1000. 1000. 1000. 1000.    0.    0.    0.    0.    0.]
 [1000. 1000. 1000. 1000. 1000.    0.    0.    0.    0.    0.]
 [1000. 1000. 1000. 1000. 1000.    0.    0.    0.    0.    0.]]
[[489. 484. 494. 472. 476.   0.   0.   0.   0.   0.]
 [464. 547. 445. 486. 483.   0.   0.   0.   0.   0.]
 [488. 436. 491. 452. 486.   0.   0.   0.   0.   0.]]
[[323. 295. 301. 385. 357.   0.   0.   0.   0.   0.]
 [320. 334. 320. 428. 317.   0.   0.   0.   0.   0.]
 [323. 299. 308. 327. 321.   0.   0.   0.   0.   0.]]
[[230. 191. 178. 241. 244.   0.   0.   0.   0.   0.]
 [240. 251. 229. 367. 237.   0.   0.   0.   0.   0.]
 [241. 216. 268. 231. 239.   0.   0.   0.   0.   0.]]
[[192. 151. 132. 240. 190.   0.   0.   0.   0.   0.]
 [193. 164. 172. 247. 191.   0.   0.   0.   0.   0.]
 [193. 167. 187. 180. 191.   0.   0.   0.   0.   0.]]
[[154. 148.  99. 208. 163.   0.   0.   0.   0.   0.]
 [159. 129. 161. 211. 148.   0.   0.   0.   0.   0.]
 [160. 129. 186. 154. 159.   0.   0.   0.   0.   0.]]
[[136. 111.  79. 169. 147.   0.   0.   0.   0.   0.]
 [137.  97. 133. 176. 136.   0.   0.   0.   0.   0.]
 [135. 126. 173. 135. 137.   0.   0.   0.   0.   0.]]
[[121.  83.  79. 146. 131.   0.   0.   0.   0.   0.]
 [118.  91. 110.  88. 118.   0.   0.   0.   0.   0.]
 [120. 109.  86.  98. 120.   0.   0.   0.   0.   0.]]
[[107.  82.  69. 126. 114.   0.   0.   0.   0.   0.]
 [106.  80. 103.  88. 106.   0.   0.   0.   0.   0.]
 [106. 102.  86.  98. 106.   0.   0.   0.   0.   0.]]
[[ 96.  79.  69. 114. 102.   0.   0.   0.   0.   0.]
 [ 95.  64.  93.  88.  96.   0.   0.   0.   0.   0.]
 [ 92.  68.  86.  88.  96.   0.   0.   0.   0.   0.]]
[[ 87.  76.  62. 100. 101.   0.   0.   0.   0.   0.]
 [ 86.  56.  86.  84.  85.   0.   0.   0.   0.   0.]
 [ 85.  68.  86.  87.  87.   0.   0.   0.   0.   0.]]
[[79. 68. 52. 97. 86.  0.  0.  0.  0.  0.]
 [80. 54. 74. 80. 73.  0.  0.  0.  0.  0.]
 [78. 67. 85. 79. 79.  0.  0.  0.  0.  0.]]
[[74. 65. 51. 91. 84.  0.  0.  0.  0.  0.]
 [72. 40. 69. 76. 67.  0.  0.  0.  0.  0.]
 [69. 67. 82. 70. 74.  0.  0.  0.  0.  0.]]
[[67. 57. 47. 88. 74.  0.  0.  0.  0.  0.]
 [67. 32. 62. 68. 62.  0.  0.  0.  0.  0.]
 [67. 67. 61. 58. 68.  0.  0.  0.  0.  0.]]
[[64. 54. 46. 77. 73.  0.  0.  0.  0.  0.]
 [62. 30. 62. 64. 59.  0.  0.  0.  0.  0.]
 [62. 66. 58. 54. 64.  0.  0.  0.  0.  0.]]
[[59. 51. 41. 76. 73.  0.  0.  0.  0.  0.]
 [59. 29. 55. 60. 55.  0.  0.  0.  0.  0.]
 [60. 62. 57. 51. 60.  0.  0.  0.  0.  0.]]
[[56. 49. 36. 74. 69.  0.  0.  0.  0.  0.]
 [56. 29. 54. 46. 52.  0.  0.  0.  0.  0.]
 [56. 38. 56. 51. 56.  0.  0.  0.  0.  0.]]
[[52. 43. 36. 64. 64.  0.  0.  0.  0.  0.]
 [52. 28. 49. 36. 49.  0.  0.  0.  0.  0.]
 [52. 38. 51. 45. 53.  0.  0.  0.  0.  0.]]
[[48. 26. 36. 64. 61.  0.  0.  0.  0.  0.]
 [50. 27. 48. 36. 46.  0.  0.  0.  0.  0.]
 [47. 37. 46. 38. 49.  0.  0.  0.  0.  0.]]
[[45. 25. 35. 63. 59.  0.  0.  0.  0.  0.]
 [47. 26. 47. 35. 44.  0.  0.  0.  0.  0.]
 [48. 36. 43. 37. 47.  0.  0.  0.  0.  0.]