res
[[1215.97881378 1011.51487177 1131.16350376 1195.97687897 1320.92660884
     0.            0.            0.            0.            0.        ]
 [1242.0909006  1065.00044611 1036.5557977  1213.87102175 1377.77584581
     0.            0.            0.            0.            0.        ]
 [1282.20320438 1034.47125211 1167.62768061 1216.19715233 1317.51452002
     0.            0.            0.            0.            0.        ]]
[[937.57432277 757.60089025 876.67437422 888.78060227 938.3121187
    0.           0.           0.           0.           0.        ]
 [859.70049877 741.6426705  876.67437422 911.3558475  951.29564506
    0.           0.           0.           0.           0.        ]
 [858.29524492 755.8177     843.1800551  911.3558475  954.53302433
    0.           0.           0.           0.           0.        ]]
[[880.75260883 767.42972208 851.90214264 886.986509   936.16774723
    0.           0.           0.           0.           0.        ]
 [848.24873097 757.60089025 869.66441741 879.54184224 935.42313168
    0.           0.           0.           0.           0.        ]
 [853.70526811 757.60089025 854.7230014  883.35352523 939.59367934
    0.           0.           0.           0.           0.        ]]
[[ 921.31689372  779.10608202  853.68098413  883.35352523  926.62909722
     0.            0.            0.            0.            0.        ]
 [ 876.24658711  779.19117759  825.77107139  891.98720178  970.30268134
     0.            0.            0.            0.            0.        ]
 [ 868.62193964  765.15015439  822.10538585  894.01772761 1009.17295583
     0.            0.            0.            0.            0.        ]]
[[931.7776377  758.61859913 821.62327725 871.05824561 930.05502933
    0.           0.           0.           0.           0.        ]
 [851.55161823 742.80624674 841.75411941 878.77533822 921.77763844
    0.           0.           0.           0.           0.        ]
 [874.40018033 764.46931608 834.22942119 860.0791824  960.51304694
    0.           0.           0.           0.           0.        ]]
[[ 998.83803038  767.42972208  798.53913757  878.77533822  984.21321637
     0.            0.            0.            0.            0.        ]
 [ 869.32919758  775.99810378  798.53913757  906.87482925 1006.34834328
     0.            0.            0.            0.            0.        ]
 [ 837.53995413  752.63028007  831.16600713  882.78459518  992.53748803
     0.            0.            0.            0.            0.        ]]
[[974.08805281 803.41608551 838.22081331 902.10845249 960.51304694
    0.           0.           0.           0.           0.        ]
 [932.86586277 789.15904783 795.17295306 902.23194097 961.87253453
    0.           0.           0.           0.           0.        ]
 [869.88456016 771.16661529 820.94622405 894.77577897 971.96887797
    0.           0.           0.           0.           0.        ]]
[[904.20213686 825.0223115  832.40084225 883.21227367 941.03088706
    0.           0.           0.           0.           0.        ]
 [930.99198844 778.51707939 836.09851588 893.98308508 993.5878923
    0.           0.           0.           0.           0.        ]
 [910.85629112 766.45829704 827.09282265 883.45063324 995.79275176
    0.           0.           0.           0.           0.        ]