times
[[3.73088598 3.94887924 5.67312169 8.71020246 5.38337851 0.
  0.         0.         0.         0.        ]
 [3.66789722 5.07075882 5.99477291 6.93197989 4.35487223 0.
  0.         0.         0.         0.        ]
 [3.66889834 6.03674293 6.37202668 7.07769608 4.71055627 0.
  0.         0.         0.         0.        ]]
[[3.71688652 4.13587379 5.07545328 7.11375117 5.07916737 0.
  0.         0.         0.         0.        ]
 [3.6478889  5.04241133 6.25480604 7.32069492 4.337883   0.
  0.         0.         0.         0.        ]
 [3.72788739 5.56158018 6.68527699 6.6158514  4.73281479 0.
  0.         0.         0.         0.        ]]
[[3.90186667 4.48922777 6.58398104 8.61021423 5.68262696 0.
  0.         0.         0.         0.        ]
 [3.6258893  4.69026446 5.90239501 6.93961501 4.36587667 0.
  0.         0.         0.         0.        ]
 [3.66388845 5.71511245 6.30240202 7.60952091 4.73707509 0.
  0.         0.         0.         0.        ]]
[[3.66787863 3.92649579 5.36495399 8.01811051 5.57429147 0.
  0.         0.         0.         0.        ]
 [3.65988851 5.75229931 5.90439773 7.38843417 4.35486722 0.
  0.         0.         0.         0.        ]
 [3.65590334 5.5762856  6.66344738 6.77969646 4.70737457 0.
  0.         0.         0.         0.        ]]
[[3.80789471 3.54328656 5.46239209 8.80972791 5.02812314 0.
  0.         0.         0.         0.        ]
 [3.67388797 5.49915791 5.9686954  6.87601161 4.36286688 0.
  0.         0.         0.         0.        ]
 [3.68688798 5.81983042 6.31884909 7.1945951  4.6919055  0.
  0.         0.         0.         0.        ]]
[[4.00425458 4.34610152 5.29482841 8.62830329 5.48458791 0.
  0.         0.         0.         0.        ]
 [3.63287568 5.4061377  6.01613116 7.14465117 4.07686615 0.
  0.         0.         0.         0.        ]
 [3.66088891 5.8351903  5.45290112 6.88133287 4.71837354 0.
  0.         0.         0.         0.        ]]
[[3.77688456 4.3978982  5.03747177 8.22874808 5.72213697 0.
  0.         0.         0.         0.        ]
 [3.67587852 4.60192347 5.82523823 8.44327068 4.35886741 0.
  0.         0.         0.         0.        ]
 [3.67389798 6.67182899 8.55592203 6.9064033  4.69822001 0.
  0.         0.         0.         0.        ]]
[[3.79689407 3.07233739 6.03197074 8.55662537 5.24004436 0.
  0.         0.         0.         0.        ]
 [3.64388871 5.09827781 5.67987609 4.30718064 4.34186769 0.
  0.         0.         0.         0.        ]
 [3.65088844 6.08917236 5.43393183 6.13827467 4.70672083 0.
  0.         0.         0.         0.        ]]
[[3.68990254 3.54265189 6.1451776  9.34447742 5.15288281 0.
  0.         0.         0.         0.        ]
 [3.67289805 4.94583535 6.71138072 5.4565134  4.35586715 0.
  0.         0.         0.         0.        ]
 [3.69788671 5.60382056 3.8813169  6.52967358 4.65995741 0.
  0.         0.         0.         0.        ]]
[[ 3.72088623  3.89143181  4.95022321 10.01391912  5.38473392  0.
   0.          0.          0.          0.        ]
 [ 3.6678884   4.52309155  5.96357083  5.62407804  4.35686779  0.
   0.          0.          0.          0.        ]
 [ 3.66288805  5.07963228  4.00934076  6.92449427  4.72451377  0.
   0.          0.          0.          0.        ]]
[[3.72388649 3.91763258 5.61055231 8.14422154 5.25683999 0.
  0.         0.         0.         0.        ]
 [3.61289001 4.22398901 5.99732399 6.37149119 4.61712122 0.
  0.         0.         0.         0.        ]
 [3.63388896 4.25001049 5.79140306 7.31041265 4.71420693 0.
  0.         0.         0.         0.        ]]
[[3.69188762 4.16106534 5.37031674 8.62929606 5.35070229 0.
  0.         0.         0.         0.        ]
 [3.67188883 4.68164134 5.92034793 7.16253853 4.27054071 0.
  0.         0.         0.         0.        ]
 [3.63388896 3.72839928 6.83031225 6.84780979 4.6431191  0.
  0.         0.         0.         0.        ]]
[[3.70690227 3.91624808 4.1605382  8.93241215 5.32479    0.
  0.         0.         0.         0.        ]
 [3.65188861 5.76786089 6.22492361 7.06391525 4.23872614 0.
  0.         0.         0.         0.        ]
 [3.49990273 4.07237172 6.39635348 6.89457107 4.72715282 0.
  0.         0.         0.         0.        ]]
[[3.73388624 3.75457406 5.82908082 8.9474051  5.49181128 0.
  0.         0.         0.         0.        ]
 [3.65288854 4.48947787 5.07621765 6.84926295 4.28495026 0.
  0.         0.         0.         0.        ]
 [3.68388772 4.31639457 5.87871456 6.90404487 4.65890741 0.
  0.         0.         0.         0.        ]]
[[3.68489265 3.68123269 4.90220594 8.32524586 5.12013507 0.
  0.         0.         0.         0.        ]
 [3.63488889 3.95430565 5.91065431 6.87939072 4.3164134  0.
  0.         0.         0.         0.        ]
 [3.62890434 4.68275285 5.84095931 7.26578689 4.71831679 0.
  0.         0.         0.         0.        ]]
[[3.66489887 3.79664803 5.59577203 8.76338029 5.29085302 0.
  0.         0.         0.         0.        ]
 [3.67089796 3.2050972  5.76409101 6.72560287 4.34447289 0.
  0.         0.         0.         0.        ]
 [3.66889787 6.79832768 6.44477367 6.21562076 4.72192049 0.
  0.         0.         0.         0.        ]]
[[3.70687675 4.36404729 5.15380836 8.89324713 5.37983608 0.
  0.         0.         0.         0.        ]
 [3.62589931 3.18371081 6.4083488  6.90656686 4.30173898 0.
  0.         0.         0.         0.        ]
 [3.64588904 5.47860885 6.86834335 6.85136628 4.68252158 0.
  0.         0.         0.         0.        ]]
[[3.70787263 5.2761991  5.23603654 9.36706829 5.36983633 0.
  0.         0.         0.         0.        ]
 [3.61489964 4.22655487 5.76477957 5.37198377 4.29264712 0.
  0.         0.         0.         0.        ]
 [3.65488839 3.87312436 6.32571888 7.13888264 4.70008326 0.
  0.         0.         0.         0.        ]]
[[3.77988505 2.52636385 4.29790592 8.46830201 5.37083626 0.
  0.         0.         0.         0.        ]
 [3.64988852 3.60844803 5.86961102 5.1441834  4.31812954 0.
  0.         0.         0.         0.        ]
 [3.52590156 4.67841148 6.41663337 6.47433448 4.69401574 0.
  0.         0.         0.         0.        ]]
[[3.52289271 4.20576501 4.8420229  8.4123385  5.3828361  0.
  0.         0.         0.         0.        ]
 [3.595891   3.49033618 5.90693092 5.41012979 4.30433559 0.
  0.         0.         0.         0.        ]
 [3.70389724 4.18239403 6.08975863 3.86231589 4.62406278 0.
  0.         0.         0.         0.        ]