mean1  ants_count=10, max_iterations=it, alpha=2, beta=5, evaporation_rate=0.6, pheromone_amount=10, seed = seed
14614.02721599081
11692.040826112627
11321.185989392443
11107.067580775425
11057.836959162145
11020.800525894227
10962.585119836394
10914.352856388283
10884.88283269772
10861.87171854607
10859.942419222136
10818.479266368046
10779.707134910142
10777.312069099198
10775.856710212924
10775.856710212924
10770.611736433117
10739.508318000248
10736.08129655058
10727.26927355696
10727.26927355696
10724.112441764624
10719.576863686834
10709.902276687211
10681.511188478922
10671.971954014127
10662.05365679903
10649.032046660344
10645.307392491888
10641.095510964418
10637.298995935687
10637.298995935687
10635.448998025004
10635.448998025004
10632.26789972325
10622.538072240166
10618.08116032102
10614.659432638038
10606.524308460164
10606.524308460164
10606.524308460164
10601.782627512885
10601.782627512885
10596.318729767136
10596.318729767136
10593.559155900872
10593.559155900872
10593.132464195649
10590.995161443692
10590.99516144369