mean3  ants_count=10, max_iterations=it, alpha=2, beta=5, evaporation_rate=0.6, pheromone_amount=0, sigma = 1, seed = seed
12201.799353381697
11693.882324474092
11397.806704824827
11227.783266979462
11132.90379875449
11046.204004000188
10949.24914728442
10885.231727170632
10818.939251031441
10761.472796615724
10706.13642137108
10648.892132328308
10611.702804013034
10583.16474115425
10572.70847326088
10544.232602049673
10525.86257325139
10498.304507657378
10478.09067890668
10461.028315108699
10439.232346987585
10412.766909485546
10380.437444626428
10376.683951396286
10372.06890365864
10360.474012525912
10353.454285825632
10332.50528950086
10323.646152386536
10317.293886536234
10307.126560723125
10301.832922291904
10293.863320813985
10281.826804486212
10277.712226605096
10272.969785654586
10271.559279058309
10262.309097832887
10262.309097832887
10250.745289568644
10233.267072364742
10226.16567038879
10222.683474708723
10220.14535090097
10215.06380307632
10213.948136934305
10210.382178761105
10206.025981144485
10202.054128208605
10199.33882852172