mean4  ants_count=10, max_iterations=it, alpha=2, beta=5, evaporation_rate=0.6, pheromone_amount=10, seed = seed
13883.25033726793
10579.088682407657
10124.323687450316
9899.9707916265
9776.73713312608
9694.18457882186
9618.9444677869
9583.47553878102
9535.5821747171
9522.259831397676
9485.885661939072
9445.623354007654
9430.699346418867
9406.495584724686
9388.387737635663
9368.368501988996
9363.62705583734
9344.595913150139
9324.890511335261
9306.447097527187
9291.701847068782
9283.669833667891
9247.753776849964
9245.790696097563
9241.565558291644
9237.459714817436
9222.848766549461
9215.094805940314
9205.947071970493
9190.249107103682
9188.322532441514
9185.97906603814
9182.969764588275
9181.10015497528
9177.23889897818
9166.37487135875
9166.37487135875
9160.431916994125
9144.607333729657
9143.46237124002
9138.51439784829
9132.284063368545
9131.610541818014
9130.931590202666
9130.931590202666
9128.845634817577
9127.500415282775
9121.02290249096
9121.02290249096
9120.12133451431