mean2   ants_count=10, max_iterations=it, alpha=2, beta=5, evaporation_rate=0.6, pheromone_amount=10, sigma = 1, seed = seed
14614.02721599081
13714.616340027855
13241.242703912392
12939.938528501512
12758.511700369098
12587.066614604342
12442.208386162114
12289.512296785386
12167.038476962694
12044.73917110424
11984.238338085946
11907.772733722773
11850.264046752087
11753.083810897278
11703.830758347218
11672.452277933295
11608.813054394766
11562.064150396141
11497.562895805722
11467.59059530017
11453.989185647939
11425.757661692074
11357.679791959954
11337.88779954052
11291.778215794848
11266.26490969678
11215.544378308678
11175.824036253463
11149.53581683694
11120.122942335147
11099.045839023234
11073.47783601523
11068.22678031079
11054.78515421818
11027.252129094162
10988.582433711068
10956.10092485559
10936.058035451435
10878.207875490236
10859.552222642216
10821.333813404673
10802.934146346332
10802.430820535403
10796.368315739088
10764.104035104407
10758.378991723377
10746.491905024588
10741.461455839386
10729.146363203898
10716.9714714492