sd1  ants_count=10, max_iterations=it, alpha=2, beta=5, evaporation_rate=0.6, pheromone_amount=10, seed = seed
216.39677467415981
71.28998918922649
62.75777401722219
143.32848587989116
134.04504858134098
142.32996846747463
138.8726490790006
113.04346053832565
98.48610850236321
117.43688737949495
117.84377730654114
143.73622764620652
161.0924231192099
163.8125819328975
164.68293994199817
164.68293994199817
169.72495334033727
157.612345828274
152.4065923505875
150.86907936163018
150.86907936163018
154.27833147337188
152.75067394112548
152.5036860878808
159.15204846431058
159.63371931162388
169.8568616980213
171.55268065601567
176.50653216860715
180.68564020550699
181.43958934287429
181.43958934287429
178.5153206692191
178.5153206692191
174.75527458308628
166.73772384167054
171.89740002665852
173.0684919029273
176.8574389109108
176.8574389109108
176.8574389109108
168.89203069748987
168.89203069748987
167.08559927284318
167.08559927284318
167.1034376010695
167.1034376010695
167.03614968331885
166.9303091231693
166.930309123169