sd2   ants_count=10, max_iterations=it, alpha=2, beta=5, evaporation_rate=0.6, pheromone_amount=10, sigma = 1, seed = seed
216.39677467415981
233.6065081648807
147.29644092152137
171.56564017740862
180.52638520014276
251.97770837354184
266.2373444211982
221.05751068121677
145.95404839024732
174.71901827169873
190.95103851791507
196.2185354028248
197.11490563970273
188.09894036697114
183.25489272458285
185.80790168548702
215.17241976863548
203.07433814601447
208.1912380065798
213.69007569796108
213.34627248370896
194.64993627456195
221.13209136988254
211.99627482272132
197.88074258613216
185.12915336984338
183.78171837302918
181.40021950530104
170.40845217092073
157.3096910129381
156.19310584505868
157.19978223315434
163.35249340994804
164.61133157605207
154.11567054550198
164.65277739732093
163.57180930981343
163.65735940056132
167.77214006128943
173.84069928686944
202.92366066414056
212.7152094662928
211.795871822889
215.71854460149308
225.95056012164645
223.63169667550287
221.12544878638042
214.22091704141837
198.232818708986
197.902276056862