sd3  ants_count=10, max_iterations=it, alpha=2, beta=5, evaporation_rate=0.6, pheromone_amount=10, sigma = 1, seed = seed
216.39677467415981
237.78362499572884
194.20513507232417
234.7078959845235
207.64836646829065
132.33608474184825
146.96694165755423
118.88645386418546
102.85382981423588
121.2900321015189
113.89194921565301
117.4618454301298
105.11637810705497
140.1037848486029
125.58631754616208
95.05538674949948
67.7771550608296
65.54578120700864
49.29924312670371
48.18183160894013
42.04166973951294
58.67977954490014
78.3509835662468
109.94529109665322
112.8525459863129
108.87714842691487
110.97525747950586
113.10323675872093
126.9271215024543
129.78810016272004
143.5724304438975
154.016440014816
150.61644145020313
150.61644145020313
151.2994283268859
143.3537329822166
147.3938451714056
149.3137079276876
112.043654653161
78.66313644003452
77.94180908856934
76.4648828393939
86.12035550552422
87.25424989737697
96.87032531225805
96.87032531225805
101.90482514032804
120.75912972051165
142.6508160585473
140.205396292530