sd4  ants_count=10, max_iterations=it, alpha=2, beta=5, evaporation_rate=0.6, pheromone_amount=0, seed = seed
159.20270989976686
135.5972804935986
95.68428478236537
100.19257991972948
76.48296771366392
63.283915384450864
120.34977242854274
106.81731143755309
103.24006459289858
79.10837497600932
94.0916796913992
95.14886258919807
96.26423433424141
90.03458985671286
85.97436292788132
81.42703577154373
89.49039261757841
93.11650524068183
86.64728612255381
87.51155030259132
88.74406172063343
77.0201160556595
76.45751662729499
79.64294032833358
77.35581486013979
64.29175535246
61.73387704102304
59.12566810005839
60.505984909854625
51.39438762416004
48.20541192565198
51.934198814831916
56.766614301303804
58.80029855788702
61.18276948293773
63.493894637862425
70.87040437778
70.0309562899019
74.08851692220621
74.08851692220621
75.78738454108108
92.98707996320356
98.76921949184505
84.09474654637188
90.15083098353298
90.15580962097937
73.83176161719432
73.20413024566282
73.20413024566282
77.79873013884