[AcoSigmaBestAnts] ants_count=10, max_iterations=10, alpha=it, beta=(20-it), evaporation_rate=0.6, pheromone_amount=10, sigma = 5, seed = seed
[[1207.20139091732, 1199.7709576294073, 1076.775003240263, 1250.9708963370995, 1314.8139368600525, 1191.6684801167373], [1254.6708183171922, 1189.311273785759, 1207.473504496916, 1234.4908229661892, 1284.4882592226927, 1315.7297189495578], [1296.2505414176292, 910.8267188985976, 1237.257689273776, 1301.551001354356, 1474.6355995936792, 1190.3450151446916], [1275.484743062985, 1104.5941651879095, 1258.1953990105126, 1287.7496140353967, 1303.5660010540646, 1243.725480475484], [1125.0484066196664, 1126.1761190912598, 1076.070055129075, 1186.7808891781738, 1222.0236883274335, 1229.0411635994335]]
[[1221.2372699258408, 1015.2916531934696, 1068.9362861770387, 1043.3158423081022, 1278.1032351541514, 1115.760143539793], [1122.9547338614555, 1119.0928369203248, 1083.6150049143805, 1169.107884290023, 1238.1134832677462, 1142.0630540420145], [1024.2312172419793, 989.6528320256832, 1115.7176678593796, 1227.2558286437077, 1276.2024347728598, 1071.1927247977105], [1258.7334147825422, 1004.3143101751532, 1148.9225021026555, 1248.4809198317791, 1196.6494694163714, 1166.166191816053], [1046.6946954125967, 1034.4190374172624, 1052.837711465673, 1143.8719083419578, 1243.2074733014344, 1293.3545901760533]]
[[1122.793469492765, 1051.7272885725715, 1060.209183878751, 1078.4561139834752, 1296.5495820500844, 1138.3497623782168], [1054.0849295839719, 980.5918565538375, 1117.6152071056242, 1057.6387102282843, 1160.4449041508312, 1157.0865129501922], [1264.9498150013155, 879.1866106757379, 1048.7742898648523, 1147.6727712047639, 1097.8680897714855, 1072.413776615689], [1221.0339901119098, 978.8582473931915, 1140.2273347632233, 1185.8855350097826, 1131.289423360311, 1063.5497427803332], [1158.2399767748327, 1016.8506160589659, 1006.6466134232687, 1130.8333406194367, 1225.2824493577905, 1038.0196859796752]]
[[1176.9886079031053, 1051.3367490327782, 1078.1987147591494, 1115.8507888184513, 1214.2003079714652, 1046.3771148829078], [1146.7135238551602, 907.4236493571261, 1066.8079098306837, 1201.186103661515, 1107.088460468007, 1128.1376111702348], [1201.3876176747451, 885.0012405464804, 1109.4795523539847, 1095.1673079406648, 1179.204519039753, 1051.143392908265], [1204.8578468987528, 950.8991363889148, 1144.8997001825198, 1142.451288883252, 1100.2644490150792, 959.5591384120113], [1207.6237528222746, 1015.9209635500092, 1017.1934654075551, 990.0285811633432, 1080.737753336546, 1020.3466636629064]]
[[1057.2663739386383, 1114.389080821629, 1038.9650508102102, 1098.651828328335, 1222.1036561069948, 1077.3674906836034], [1117.654500980239, 959.6982261946118, 1051.9576717375774, 1104.92857885676, 1068.3697329629379, 987.8668127657785], [1125.8887944477513, 917.6644365103374, 1043.4241505365194, 1098.8802479881092, 1184.712894184167, 1051.143392908265], [1167.0978717498576, 1034.502418366006, 1125.623077581628, 1087.9345338438163, 1170.1557470619182, 961.471058585841], [1077.145820827943, 962.491005429588, 1089.7336364038504, 990.0285811633432, 1167.4111805341079, 1107.4434965846208]]
[[1044.4306776513233, 986.6537770296865, 984.9250070191265, 1100.8098591584094, 1216.7521102164412, 1062.8360820944652], [1066.796034166363, 967.8561179697077, 1102.7503320881322, 1166.520126730173, 1119.9504928564345, 987.1343232858978], [1090.9875485151224, 923.1386058316579, 1110.4731087736632, 1085.4378834772153, 1132.6555807569732, 970.1398411932096], [1058.2568512747307, 1005.8737246995794, 1112.2830942782257, 1054.5229466530354, 1182.65505163655, 820.49568141711], [1028.2057336595733, 875.8773493945262, 1085.6512305930385, 1053.1169092956957, 1132.6443659390598, 1077.9996380463876]]
[[958.0909175459176, 945.1932086711936, 1033.9030601678605, 1083.9001692660154, 1226.3184726374786, 1053.0759701818133], [1078.5766784004027, 937.0204634272127, 1054.294481761647, 1084.7371313672636, 1107.4581790913426, 1073.7406532837194], [1144.7257933220842, 801.5969356019452, 1025.209781494281, 1103.1848668975126, 1080.9262392696924, 1001.0760210869529], [1083.029561635985, 995.9371272514229, 1123.300024406663, 1055.7647893024885, 1146.3795313191422, 830.0371010682276], [974.8746276332215, 916.5897004698863, 1031.3197035532173, 1026.3875116198196, 1147.5164371439548, 980.4828143155853]]
[[1084.4406574356683, 883.0522148200874, 1024.70675846318, 975.768301047857, 1172.1164227541283, 1080.6074099558866], [1064.03711231881, 925.4746400161622, 1031.9340550154536, 1017.4119858584588, 1070.0316336051922, 1052.0336957619722], [1124.2374176371443, 885.6410531559146, 1025.209781494281, 1106.0702734136773, 1157.5484730757642, 954.8019309152056], [997.5235938088638, 1007.4509167317458, 1158.8696856791664, 1106.9868443086712, 1164.0579352900118, 945.1089557644427], [943.919605227622, 995.0779585087397, 1040.725980098273, 1009.5275698559117, 1117.3766867272002, 1005.8744132717515]]
[[1067.1170404384243, 973.8830654630125, 1017.7513631913414, 1065.6260596713146, 1201.9755553472407, 1048.8097811694947], [1003.8760045723735, 939.6848022916637, 1005.2141435785118, 1085.1728898809458, 1063.8607934015818, 1020.2194800467335], [1188.1448642026855, 802.3357908661457, 1079.730782002192, 981.1538217615923, 1197.585886198697, 927.2234890835591], [1000.0104075659222, 941.0101897518268, 1044.4516513724243, 988.5825547535242, 1178.0460921056426, 963.9168956070088], [999.0717674211178, 859.2886055893949, 1021.2964751205841, 1018.8770231999976, 1090.9865846420919, 1028.3788858933437]]
[[1099.8320369244634, 897.218007179724, 1033.621453508842, 980.6653996041633, 1145.380185465792, 1014.1225932146182], [1052.7744031540437, 913.8967410151494, 1070.9658741041521, 1036.8840619228738, 1098.3966497908002, 1077.4056404206024], [1182.1865649581941, 862.6040440187156, 1108.0687689417082, 1052.1423136299793, 1050.6230780564877, 962.0509186768655], [1084.5317453793277, 908.214624651299, 1030.5501329458248, 998.0668773810405, 1077.4380426111777, 957.453375468785], [1001.2509427728478, 907.1457665147407, 979.1293680761551, 983.4234037050114, 1054.7688062713116, 959.5482978551539]]
[[1017.7710320079033, 933.9514019071863, 1017.1782063393733, 938.0869464020989, 1135.8572607653691, 1021.5750569443661], [1044.1818730604932, 884.7234943932466, 1014.3410165915889, 1028.6760946033055, 1121.6458248316571, 1056.3706976417616], [1093.2005928658637, 751.2857721290559, 1093.3115219263589, 1091.3211685047088, 1093.378318149354, 986.5183545025174], [996.7853208579166, 946.0593190109008, 1081.1568633738982, 967.609007878691, 1146.0045835679327, 868.3986902343833], [1004.1546573323286, 865.7940632091758, 1018.4256093407099, 948.5913287176026, 1069.6664829901038, 991.7412286008788]]
[[1057.1508498234516, 911.3303900668891, 996.7559734345892, 996.6104774886115, 1135.0677325805264, 980.1754924292965], [1135.7219380195238, 844.1684342313971, 1108.3720765569258, 989.7608645318447, 1121.6458248316571, 1001.5250711342627], [1123.8423781094207, 831.5171348532964, 1012.7476324749255, 1003.5848309912086, 983.9371144885555, 902.1077979066721], [1061.9061803316, 900.0223009358805, 1071.8783910291186, 987.7834355805655, 1096.4115578179203, 868.3986902343833], [991.7085159122435, 820.0639571167841, 1027.1270504553956, 1005.0627079481717, 1047.9870590364799, 907.1552471637114]]
[[1084.214971921079, 918.4233103450572, 966.8999325639564, 1027.7701212997838, 1155.386816002118, 999.1123389808215], [1015.8291014830797, 883.8185122026517, 1078.655503989943, 995.7134575671786, 1116.2692476499567, 999.7281145425203], [1061.5570763684068, 844.2084976619026, 1055.3413539195262, 962.6125496715094, 1033.619904088336, 901.6607155729571], [1001.1054031780983, 863.3793034726629, 987.1354287367928, 1014.2758539476902, 1126.5097738709226, 817.4693107970488], [966.4084810200845, 849.4739360227395, 1033.5660916983659, 963.5874174345965, 1045.918612856338, 948.6770585700681]]
[[1031.8002260129065, 888.5767137352461, 914.681470755586, 1026.7352889187766, 1099.2872270939895, 970.0866252307537], [1042.3248450319277, 843.9492809298412, 1053.2805057577432, 998.6020290912273, 1120.8805441089994, 1038.802987423901], [1000.5510591276902, 858.5387258799839, 1029.5569038072467, 1021.1451654681175, 1029.9219026106055, 949.9039413843918], [1028.045138431461, 864.3789181333161, 1034.1331540662493, 1049.6910680590652, 1104.664170983092, 855.1300517188389], [1030.8189450928705, 855.8096302824399, 1028.8388878060036, 963.5874174345965, 1038.1770361800532, 852.3331260883432]]
[[1015.1439947774563, 864.9312428547523, 858.948570176335, 978.4453514047384, 1043.2769866000583, 973.5873177980922], [1090.4922834736287, 900.4960583818436, 1021.4189717433707, 955.150624495364, 1005.0397357647817, 964.5264466938937], [1030.562785299273, 853.2543695294054, 972.5291311868782, 973.7718265931688, 1088.5639293458198, 927.1709986072759], [1012.2901587806524, 827.5116783130566, 1033.7236048578857, 994.9948406473127, 1133.4126153675902, 933.3773028431673], [1019.2296609973611, 925.0070206955551, 996.0108988841051, 985.4913394801131, 1017.5421602631288, 904.7462496865527]]
[[1004.0337782369129, 827.0006585091645, 859.7851043969968, 955.4107417267451, 1075.255903113051, 946.6609578158677], [1050.7500798627188, 913.2186397608484, 972.0532547292811, 970.3735499226351, 1036.8906127702694, 957.02957759555], [988.5648197854639, 837.4241059753911, 1049.5342261533078, 961.9143269955562, 1138.1979427618437, 935.6087840507439], [1033.28741660282, 861.2687139498173, 989.4771441882906, 971.3155185473187, 1048.209894282341, 890.7408777221517], [987.521518975095, 868.1254065358955, 1042.0624771040111, 980.2939958803158, 1078.3243405138176, 919.571619942128]]
[[1052.524778142497, 864.6892518358042, 898.9910599698643, 992.5460385175529, 1077.97140306242, 956.3379323838824], [1076.8818437957352, 932.4679770593867, 1020.047428970076, 1002.7580762951454, 1048.328370211007, 965.8804765104638], [1060.6111382940562, 869.0618066229443, 987.5078263601407, 981.7632683248024, 1088.4682265586478, 875.0351878484485], [1040.8910289573312, 830.0445005422224, 968.03057135917, 995.370700268584, 1083.4375857728749, 902.003359492297], [987.521518975095, 868.9298048216315, 1025.6440940915336, 964.2491242043393, 1070.0289250705132, 927.3934349997518]]
[[1057.595691775905, 879.8235591619898, 959.8143256061356, 950.5924007743952, 1101.4196063376849, 938.116225269217], [1051.4987070359045, 909.5482616225629, 954.2781375717764, 949.276420879702, 1083.6505132140298, 986.8954367777403], [1053.42649776649, 851.3255056516779, 993.8818175945627, 1046.4183050417228, 1101.9955450683574, 914.5168964563388], [1090.241117999163, 941.7952328748426, 946.2489541252813, 1019.4973126545972, 1026.508803683194, 953.829993133129], [987.521518975095, 882.1480587885995, 1005.2446742610073, 910.5536424076242, 1080.6909476810083, 913.9169356592389]]
[[1058.3034178595271, 855.5183524517844, 976.3867327001441, 996.8292932742354, 1060.4779675911893, 981.5041743088173], [1117.579460059494, 876.6458907567948, 1000.1972488264718, 979.4920896918492, 1105.6923302232549, 995.9474388714872], [1095.9480756110743, 831.7488730382504, 983.5106718189409, 980.0630882290629, 1069.2741733059731, 952.5840719203042], [1102.645250239324, 910.3256143414928, 978.4345793466447, 1019.5291991009931, 1059.0551444503278, 911.8635825720562], [981.1395351478411, 882.1480587885995, 974.5017184702634, 928.1131900022622, 1045.3037338906558, 920.7828130118701]]
[[1042.346123595209, 820.7403400993124, 955.9159878251952, 1004.4550197584522, 1049.6706390395198, 972.2494824534291], [1037.7380008186924, 921.7380353936525, 915.4377349246291, 983.6441931152232, 1105.6923302232549, 942.3154624467362], [1101.8099643972707, 812.0829598753638, 974.2160831887627, 972.3038840254968, 1107.2848676101341, 870.9900824702229], [1025.7479374355764, 948.0373456631976, 932.9608385329748, 982.8550753116674, 1078.2326992924814, 966.2244523907408], [987.521518975095, 859.8224783300471, 963.4505374953561, 929.8090689297647, 995.029111191161, 975.3458913313192]]
[[1022.0604074334292, 776.4420663139877, 899.8098095192017, 908.5367398708277, 1048.368841418256, 896.4727493933648], [1026.003277775558, 803.651457429708, 901.6139958011199, 869.6163565039145, 1030.526867409766, 903.7623210145349], [1022.0604074334292, 748.8373674206523, 907.5345662018656, 897.9420963877646, 1049.4971337606432, 860.5358482799783], [1026.4519060772911, 738.5582485682291, 963.5267019434154, 901.424513872302, 1027.8714536827417, 910.0693588867098], [1021.4545306827588, 767.4875126748237, 925.5855849409177, 890.2227556783598, 1032.2505076756206, 856.9050408933516]