[AcoImprovedPheromoneUpdate] ants_count=10, max_iterations=10, alpha=it/10, beta=(20-it)/10, evaporation_rate=0.6, pheromone_amount=10, sigma = 10, seed = seed
[[1249.7131083416164, 1117.1297459345571, 1077.3227222581022, 1157.1895019775034, 1297.2092494461133, 1226.928812058837], [1086.0202429413982, 1060.3688378435168, 1152.0829674940198, 1317.785101086787, 1464.024057633142, 1351.750085324817], [1324.7597274095442, 1129.0792548517518, 1051.024134171635, 1345.585929887691, 1415.779297342967, 1270.5821016184398], [1209.905852046093, 1199.7139974014228, 1199.5797722146322, 1261.9310109993553, 1252.0946320945227, 1133.0572010365017], [1278.9678832780403, 1107.7789908953557, 1123.6274740444435, 1198.6009697646066, 1235.753823955469, 1279.5605496891155]]
[[1185.5141280638948, 1039.8044757785217, 1104.2550091143528, 1207.9409032035712, 1173.7088225977113, 1227.2838474663674], [1082.9019858947775, 1124.3951455817494, 1074.900005231351, 1171.2422431597558, 1327.3015367226983, 1181.8257606820612], [1312.232802132658, 999.2412050559955, 1178.7593272423321, 1304.666255390253, 1214.0929030833872, 1176.7024348097916], [1177.9296182025912, 1083.190433953329, 1153.5660736689767, 1243.856469868501, 1270.8324024181004, 1211.5696138634062], [1160.076913174549, 1002.0655288306259, 1073.2222272833644, 1191.1830776640393, 1086.3249290920403, 1266.038551835882]]
[[1243.9008639223646, 1089.4911068485999, 1105.8595146774458, 1219.7351739748142, 1273.582115085796, 1151.620527544508], [1198.6444287826769, 1063.5199888826303, 1192.0075045727945, 1123.081583629473, 1284.346461432461, 1252.5639624953649], [1330.125141655426, 1010.2618708704679, 1178.2675839508195, 1245.2118607067732, 1331.6434445858617, 1104.1424603836826], [1075.5184200108388, 1009.1934410499061, 1109.2917759207692, 1045.5408641630268, 1274.771712978712, 1102.7895531918725], [1217.7039948191657, 1069.994495103748, 1083.3455608836543, 1168.2752828926068, 1133.5625707559973, 1176.5577681222937]]
[[1289.546353734168, 1092.39432511956, 1062.3319884823113, 1090.1375277159862, 1084.0133049260312, 1198.2904873467135], [1140.7049186337297, 1035.0153865152342, 1059.9602803335358, 1165.9145051638802, 1173.8517183996576, 1131.7162822514506], [1283.148175246751, 1053.418132751637, 1054.3176596884193, 1146.7975369352644, 1278.9613043355016, 1156.8979225592918], [1095.5205606036864, 1101.0801699756714, 1178.0423605359936, 1201.1615470084253, 1133.9517068854232, 1129.2120908427046], [995.5659020326893, 976.57523586315, 1179.162609791319, 1022.7840498210817, 1273.8675361511616, 1165.403075161123]]
[[1147.767822866726, 984.7162326837857, 1042.8360536359792, 1123.455533494098, 1157.5064311363394, 1135.739119764587], [1099.2068705422141, 1000.0454350692215, 1138.5516924899764, 1195.6735224780944, 1290.945430506862, 1184.7663857148339], [1316.4857064759199, 977.4276282724597, 1104.9320589821452, 1165.5892823764505, 1214.0831355777962, 1088.5244579118764], [1138.294446761279, 1021.596724008281, 1184.3210555571425, 1138.267673075356, 1237.0267318847125, 1064.3265233997652], [1085.7781671434705, 1042.7352269923856, 1095.8762695497828, 1106.4506682008105, 1222.2051650064004, 1118.921508813488]]
[[1149.8787986303762, 1032.6793253126293, 982.316929177027, 1102.8626422969837, 1199.5670549114989, 1171.748256517276], [1031.9836571325227, 924.6852029293653, 1012.0252531714451, 1191.9322883870286, 1220.0714957720777, 1128.691507752654], [1102.6219412243047, 948.1757556198351, 1081.9517641763528, 1102.5977918809947, 1261.9220988676411, 989.8831385552415], [1204.0070265734166, 954.416530244785, 1070.292934896154, 1127.549880014333, 1150.6382343095495, 1104.261711629082], [1116.4891012432101, 968.0898266409255, 1083.6609927706854, 1092.7070354310822, 1126.765771074414, 1092.1094950297315]]
[[1154.4698029680364, 995.9831408557635, 1050.9370717980785, 1046.7279409577777, 1178.0640486843006, 1073.5476415496628], [1172.6432654932717, 955.7987793570715, 1032.1801252474618, 1150.7491511263015, 1189.2775486379162, 1125.3941354480569], [1135.990734235698, 944.5450750549807, 990.1576386107674, 1044.0677010079983, 1189.8082172099607, 1009.1750500232531], [1129.7205336558193, 1024.1252754875052, 1065.7412146013853, 1074.251283544635, 1142.2734697378899, 1069.2551248455725], [1112.857330792505, 987.8492367225184, 1098.303050976621, 1065.4255932362862, 1135.7048108009021, 1081.4310722961027]]
[[1027.9810813838099, 972.1312530605077, 993.1287479513883, 1085.1025497422543, 1185.5538808420708, 1036.0885290266542], [1108.6212113040222, 874.8113591625976, 1061.75600839778, 1161.5133180559892, 1262.5807072405808, 1050.3902160451655], [1222.4383676202024, 928.7537900948793, 1053.3896718413494, 1113.5985955829847, 1127.3632472200666, 1020.925984901895], [1072.451180140774, 928.6308995285033, 1002.7568367734305, 1086.0020673033478, 1193.6692254321827, 1122.6204357832146], [1192.1378651813873, 973.8154226455406, 980.4963440838197, 1066.5167503149405, 1210.0824244884602, 1033.5879626507542]]
[[1153.4255933068623, 871.6102764167523, 976.3715894098628, 990.6634652514363, 1261.5179269212736, 1061.7898801863553], [1195.3999729584918, 949.7331407551147, 989.548055732206, 1120.6063550348413, 1161.8328417103328, 1092.0435824155663], [1124.614757286535, 960.0563396228023, 1096.012267735892, 1132.2142302552252, 1163.0554406493022, 1020.7437378776947], [1059.3798619452982, 966.3251017502023, 1029.0136984618587, 1075.624163287277, 1121.5900837851134, 1026.8357021881063], [1097.6783458308396, 911.0748411544726, 1109.078750610063, 1058.3687951435647, 1081.4320052023763, 1039.8576098495937]]
[[1171.0987880824, 961.6713383863744, 1042.672836724075, 961.7732791005632, 1153.0326022360086, 1041.2847682307504], [1135.5418516277682, 976.9026046308298, 961.379249368683, 1067.890456468462, 1125.5209295028353, 1008.3957107281511], [1116.7850839614741, 910.2993031289022, 977.6809392774111, 1057.9703108161314, 1127.4329726640376, 1041.110052173717], [1020.6302416224027, 941.6874704412911, 1011.4950826637568, 1003.3797980430273, 1109.641032489397, 960.6644333751588], [1114.404180025201, 913.8136047222949, 1005.7615049561248, 1000.6529798044561, 1095.0049553308768, 1021.324136495881]]
[[1086.2073113371207, 898.6073321916302, 935.6311537222242, 972.0698911944003, 1109.3053413170333, 1000.4932672161707], [1088.5946619835288, 925.7708126856995, 1049.064188098121, 1046.6444629654468, 1118.551477253426, 990.6367296381092], [1113.1607481329354, 923.3166079327125, 1099.1984347601592, 1063.557577851224, 1157.5701513415768, 1013.5960287430324], [1119.2917416924263, 959.1239471664151, 935.1889626192104, 1003.3797980430273, 1039.6785101587132, 927.705782659703], [1075.038170682331, 866.2949280496048, 977.4712753466835, 1100.5975705972887, 1053.143233549456, 1032.1828194596992]]
[[1069.4197265411178, 912.4519300680871, 1000.203327739493, 984.8266241999123, 1141.410264237831, 1091.2029125860747], [1040.184342770043, 960.4886661414138, 990.8068707410475, 1108.4707420149753, 1145.3700283551595, 1020.4848865708856], [1015.2485981451919, 855.6031778108602, 905.7609546009191, 1003.5391287976106, 1125.8599910317, 1009.7512559864641], [1089.6185308990648, 951.584279388781, 1012.998630458602, 953.3652744429116, 1074.8076420782534, 971.0375383647398], [981.5805458002433, 915.2473756749606, 965.312404859589, 1050.4866660366233, 1159.516692124973, 1051.8539944324305]]
[[1114.7132162489554, 1007.072361470643, 993.8654245061629, 983.6734917368012, 1168.7294386076803, 1019.6849459614012], [1001.2631317932443, 890.5883734525174, 1019.0583645275987, 1078.5485240153932, 1093.9284038517271, 1080.184430099113], [1094.9476857201746, 906.8057786503721, 1010.2966332351781, 1002.0525025904163, 1147.0749975170147, 949.6972670214259], [1120.8827121718398, 941.8977924174527, 1020.4038606374787, 957.4674680822989, 1074.1331218982762, 1060.7011003073137], [1044.498040161402, 926.4083279202523, 969.5168766050064, 993.0430251922701, 1046.8842677184523, 1013.0531182527338]]
[[1140.6313093558986, 929.0124168084446, 1001.3718740378854, 1044.8960590966574, 1170.0056769682378, 980.0285312805447], [1077.1219991294138, 901.0614558464177, 979.8759155672528, 1056.927466642819, 1101.2526970232043, 982.5575429812588], [1091.1144885433473, 860.9799832006054, 950.4742965211235, 1031.2205154465712, 1141.1198939512642, 983.1624316410506], [1035.7926215271457, 956.5446639054834, 959.5022305357052, 1020.7956574458082, 1098.0641275455855, 1043.0492232542247], [1092.9443441450114, 901.4099574233157, 1033.1863298406868, 1056.9172940173898, 1100.0129143612921, 1007.7598339166872]]
[[1122.2165156570206, 867.7720911324508, 948.3970334468736, 1016.8568844769695, 1147.6039967364447, 989.598049477917], [1018.715174362035, 918.4714031766994, 947.9455132914128, 1063.5813356206604, 1149.5119428871742, 969.6354989585133], [1036.6922632994713, 836.0152492657767, 975.7213776195483, 1038.715103977558, 1088.140111112041, 975.5454569064315], [1041.7862173654405, 970.765772863186, 928.8342534972602, 1023.704646121578, 1156.2030883151047, 1010.4158967661797], [1108.295151424795, 870.5930826593135, 937.1880233032364, 988.1887611298679, 1104.5914086502244, 1069.8105828595717]]
[[1016.1131434432148, 877.5044813774454, 978.563420788307, 1015.0381638914429, 1129.9010654174806, 995.929201906787], [1045.084071872409, 960.1617258306198, 949.8456117185395, 1077.5188212717067, 1152.5363572748035, 1071.1651021670843], [1015.1792640908251, 905.9367730235443, 929.0658542027865, 1065.2915732577364, 1143.4806246777227, 973.8901775007404], [1047.4575223610693, 951.1254705648851, 966.2939995983935, 1015.9359288503802, 1053.8657694818876, 1009.6995417648731], [970.4201521504403, 875.4142164425756, 990.4352371964166, 1009.5573107792728, 1104.5914086502244, 1046.3422348589645]]
[[1056.3369624247885, 941.5593291225443, 1001.1752639330158, 1052.2727941442834, 1145.4099626158763, 1027.9038606431504], [993.1480863677043, 904.8808354240081, 958.5655072416215, 1056.757650544405, 1150.2038884695557, 1025.3300555399207], [1168.4559249296083, 885.455244264643, 937.4369187401205, 1013.1527993035927, 1091.53866536556, 986.8561412754201], [1045.8915068441052, 966.308973675344, 1016.0170416200367, 1000.2663339451051, 1072.9282074631287, 988.8835055280442], [1146.0150209685498, 935.633527419487, 982.715975505402, 1028.042270143678, 1092.6279785146487, 987.0932159615987]]
[[1080.9356120789896, 907.9090295260006, 994.4667205395327, 1058.9473413179683, 1119.7160471347215, 1054.2855793325207], [1053.2883964483392, 864.6043466190577, 959.2899812058207, 1061.5235886547075, 1182.9251494413681, 1042.5141713953103], [976.9419241418236, 882.7308855550664, 955.7164118727666, 986.0239145583994, 1164.3422396183519, 1028.054703716542], [1054.7961983167604, 918.9378983166262, 975.5783313314731, 1077.1817431093787, 1052.1038235888775, 1028.6077961621172], [1020.9246424071883, 946.4342539622066, 1016.5847183915738, 1046.399432080358, 1169.8495216261929, 1031.5606552258375]]
[[1050.6744887291968, 965.6925396402597, 1001.1608246702774, 1065.9492589787164, 1189.2605858722793, 1056.7675137814817], [957.7290582544251, 911.1534674038747, 997.312716994657, 1074.970331131839, 1170.4131558661722, 1087.3104739349687], [1078.5290326667312, 876.3067230805289, 1030.6449767945842, 1048.6014826990831, 1156.5529821483972, 977.3579341274864], [1021.1781376106967, 898.662349324575, 999.1878373722685, 1013.174650481789, 1167.1704169837283, 997.3500928911308], [1108.166761233879, 921.2218001167392, 972.6499335418097, 1020.0190223784427, 1105.5755602445108, 1098.028711833572]]
[[1139.765259215766, 992.0949408559794, 1038.305371146776, 1062.5872406231108, 1077.694634347431, 1034.5704282001682], [1051.2888468943183, 937.5265453387758, 943.1428845476777, 994.4508448763438, 1083.8629147963356, 1008.6920374605497], [1145.8782057693675, 847.0183967067113, 963.5008849420129, 1073.2368276846098, 1139.6462506562964, 1034.4208076775526], [1082.2604680046918, 964.1165101218093, 975.704160895956, 973.7231189010832, 1117.585707516818, 1051.185898418564], [1109.4035360424946, 907.835241098505, 1006.3541621271562, 1074.0382001348114, 1107.2631142098344, 1031.2972239807737]]
[[1196.5751240186817, 918.4552466613699, 1012.4635522506329, 1049.0003628064308, 1178.1486543849144, 1084.1390020949946], [1159.1423674093771, 937.1329865731846, 1011.7861022148884, 1086.4681609807142, 1108.7568349626001, 1015.8099805186745], [1184.003927040217, 884.2564423451423, 1011.6195818840929, 1053.097238120083, 1158.0649288979555, 997.2244482145453], [1127.2597857847866, 928.3183325095239, 1042.9293489562594, 1080.0220073541864, 1138.4255401324351, 1068.599251153824], [1073.0015548818226, 958.4908176316527, 1015.1416702350549, 1083.583846777374, 1207.5862590075776, 1022.2612655812089]