[SimpleAco] ants_count=50, max_iterations=10, alpha=it/10, beta=(20-it)/10, evaporation_rate=0.6, pheromone_amount=10, seed = seed
[[1144.2741035748468, 920.4570985308472, 1020.6851061629826, 1103.308721819445, 1084.0857583377372, 1031.6983689534334], [1075.853130789131, 896.8265963663971, 1072.4397368008454, 1090.5569848331763, 1072.185381318439, 1021.3905325239398], [1142.5662137065128, 907.3929709348263, 1022.0848273337197, 1020.5666875141253, 1152.5943325295327, 1106.6452772412586], [1090.631575722103, 956.3038900773596, 1039.3339617840616, 1149.0044136416202, 1144.0401698332157, 1060.2133854035349], [954.6273931605369, 833.8474019291726, 1056.0249684987884, 1054.3309084956757, 1083.5128159889966, 983.4544503981914]]
[[1144.229898933641, 927.3184502777206, 909.3935010957792, 1035.325605952195, 1145.121959442495, 965.0493109197643], [1037.2391923258717, 857.2047781819653, 1046.2260272722683, 1098.9926364520084, 1081.1772584711548, 1022.8440373300547], [1146.1160748744567, 956.7263020903712, 1033.6980315436185, 1020.6965924911929, 1174.8420866140434, 1087.0745935188033], [994.6434354078458, 956.5147105325874, 963.6580811430579, 1096.161598759088, 1131.3150800114636, 966.3888305070855], [1029.1600557137483, 904.9483826983601, 1014.5076133585441, 1060.7387891713406, 1110.0107685689882, 1011.173330184969]]
[[1131.0862789442592, 900.439494467008, 871.3707814437922, 1016.2156886059842, 1096.9832380926323, 971.4292823541133], [965.7108345117564, 916.6965405295796, 947.7537330597097, 1040.5841763326507, 1107.8010194879237, 950.7328975592668], [1057.479013711175, 899.8166664433721, 993.2768333780231, 1018.9713257490504, 1128.2412403927801, 1006.7579854609121], [1022.2294451591483, 927.4175324870382, 993.8712980345111, 1067.2355459869725, 1136.0402637065058, 985.0131679280245], [1106.5184816186493, 928.5349024137613, 896.5101693913706, 1068.9746236043584, 989.5779623306149, 952.7984313560237]]
[[985.6534880705303, 904.143924487, 900.5474346785951, 1026.5851067037097, 1089.4401737871322, 944.5980953669025], [988.643374258342, 863.6275418540217, 954.1084331231793, 1031.6667533430248, 1047.9961807894545, 974.043370833457], [1023.1457120105182, 882.0452064542318, 996.1402033619964, 1038.3312955134948, 1056.0396810309383, 955.981247926827], [1057.4622304319566, 874.3045207020525, 923.5996650431741, 1014.8275650875879, 1043.260844975914, 929.0140446154442], [960.9490830314326, 827.1129296794197, 975.910797501651, 1039.9609192707892, 1036.3358805306514, 977.4358544915988]]
[[960.3565121240711, 845.8049301867717, 918.0734363303175, 995.9777572122207, 1065.0638207045474, 919.5325182747706], [984.9758229602285, 862.1537514798171, 961.0326361883945, 1000.5859044666227, 1047.1489233132106, 929.1574192683596], [975.098647984536, 795.6112915007906, 909.198424466323, 988.7029089064312, 1087.2249672930366, 923.0213479577187], [935.3138420376315, 881.3785941461724, 884.4604940987142, 998.3485786636329, 1028.0861150727396, 899.5280708618546], [1069.492397179454, 876.3468793888487, 946.5342063046785, 998.9404730064367, 1074.6107560332932, 926.0537790666862]]
[[983.4425808767022, 889.4139103487533, 904.7248935609057, 981.4252608909734, 1089.9767425624582, 890.0696777219351], [968.9092899770027, 866.0930533605052, 930.7904188817064, 968.595768113486, 1076.1748008036748, 943.5106025131478], [899.8409747649562, 887.6825433222754, 935.963355280876, 978.6205477260943, 1080.4940933643186, 945.1096958502832], [998.9152027308019, 836.0172071184234, 978.9286076515984, 1034.2339210772827, 1043.4446041683043, 957.812205399271], [1010.4487111256524, 842.8993888498294, 961.8140335496408, 998.1404373757218, 1039.7854777797625, 909.3043834499283]]
[[1034.5857682063186, 754.8572241113944, 869.5989700555357, 996.6523765619886, 1087.2720835974058, 956.0764175291345], [1009.398530042286, 822.0812642149456, 974.9746068537443, 995.2693697022037, 1049.360520703864, 887.9911050834663], [954.8152799900522, 887.6825433222754, 924.4371176498896, 988.1410155329002, 975.8814925727663, 932.9820443774286], [842.8976257070158, 837.6925657160862, 888.0522231295824, 1021.7328302487664, 1035.1662876838525, 940.3626316302295], [916.7709454350286, 843.7491401730437, 856.5529158946011, 983.7570203823914, 1033.2670973376682, 894.8818197814417]]
[[976.9964771151381, 842.555542960791, 941.1609964653038, 1012.5849582996598, 1072.1907975273227, 907.7147954733963], [994.4170091784399, 788.0576747378084, 886.9420397691697, 1010.9850736887666, 1028.0884101051654, 931.3295920165065], [936.2183897790371, 834.4196029921511, 955.2524049179335, 975.3196945025113, 979.4841681458756, 859.2377542703817], [976.1443227743354, 847.0981496270082, 937.1615822473559, 960.3601549353245, 1035.0126019695067, 901.080509519904], [1012.1032936754118, 796.6694000990277, 911.6460954437536, 959.7906147079681, 1049.6956338862665, 918.9235922009756]]
[[1010.6955531383221, 754.8572241113944, 909.5460395341576, 990.1927936748817, 1060.5391856913748, 856.9832248526202], [960.7776007168769, 814.9155471527346, 948.352562164872, 997.7388820125675, 1064.1230013747672, 915.7683243454], [1020.0636244016271, 862.0129759223452, 894.9996262510898, 999.4965857117631, 1064.153836652066, 919.7614048790472], [999.289445542242, 842.4086810920451, 902.5618397220899, 946.6852257536572, 1035.8506522535038, 979.477206032495], [949.5743171423643, 864.1913564533149, 920.5789664346387, 940.4570690825255, 1036.6763723514948, 893.753214875832]]
[[974.4159398250547, 855.8387856927322, 930.7266827604243, 996.6738141366666, 1056.9131884428302, 931.4658809178557], [903.470437430532, 888.439602846952, 880.9634417418521, 989.6792301350775, 1081.2246544324041, 889.2901883926387], [932.5936962834485, 858.6421261506306, 918.6033248131305, 991.9389570705694, 1085.3062109381217, 918.7258566309723], [1021.95696708335, 836.3638019860517, 889.904408216212, 1007.7108878230054, 998.5591992913605, 952.9627669765888], [888.1159171721624, 832.7724167561645, 919.9253819701852, 915.1222927989763, 974.608433000358, 906.1529845394102]]
[[1032.5177254136297, 840.4232035277106, 890.0822545940515, 971.0635254830712, 1053.1864581090917, 898.7768107984756], [980.6055477738981, 841.7425485124043, 922.6926195212375, 937.9015428599978, 1081.2263796477616, 933.5801242625945], [1032.4365410014584, 852.2797534658043, 909.85592832964, 1023.2585966662209, 982.3899659274182, 924.9221385215999], [1014.3338940216963, 828.7864930241306, 883.9957019915388, 911.6355420603367, 1016.4795531871146, 947.7740120446279], [968.7351251281184, 825.262599159396, 896.6886750833625, 975.0436363695883, 1105.8937220539406, 925.8419200999066]]
[[1024.3867567657633, 857.8993172051299, 936.829022325938, 1004.696350287874, 1080.8126167380199, 915.9277882739412], [953.5162553111277, 828.4921412741655, 928.223651638484, 959.4343684833849, 1092.3419560692341, 952.5171781321644], [1001.545597374254, 821.800073639119, 930.074242150073, 1000.501406506087, 1088.8267561037796, 964.2260551447711], [999.9880993249765, 853.7012468810109, 889.6692588930954, 996.6997432848095, 1082.5928960307722, 850.3585144054447], [1049.748924427762, 851.40182442921, 925.4197154084773, 972.8740333312821, 1081.0969584553857, 954.0913292833293]]
[[1007.2394789452258, 821.1351427072592, 953.6625134436689, 982.3176294479139, 1059.1273423859484, 959.7198946517004], [962.2781623519901, 856.1049493457173, 967.7909177646395, 999.5293626147369, 1041.3881810855464, 970.5573967836773], [944.4039300312825, 884.4891018493665, 932.898894269495, 986.6020834995339, 1060.2084342355413, 934.0254777823347], [922.3766906824377, 871.3794853130878, 958.161495722945, 962.3814261806783, 1065.3369579633852, 888.8151025989383], [1033.1113703984647, 838.8695916939835, 925.4703141979836, 1008.9151623485658, 1033.0999588725024, 961.2954149077345]]
[[1083.6803850235995, 858.5222123322208, 912.4155927531127, 979.5370708878515, 1067.1140285076474, 934.019888459974], [961.3291260087891, 853.8695894746598, 980.5922256442057, 1007.0682741424225, 1016.5631193101759, 945.6887376654372], [1023.752975582627, 841.1847941531977, 939.7536758509119, 994.2505212693777, 1093.691976119351, 972.3164853410749], [1054.3825169992822, 858.9429040551194, 894.4266237727383, 1005.5797405688352, 1061.76576032889, 962.9647382491212], [1008.2421498557912, 833.0417223788368, 930.7261623855138, 980.5890265637016, 1057.5416734054027, 919.4331248910473]]
[[941.7021804819345, 859.551914875252, 923.9932213431129, 999.488177641229, 1109.4790737005806, 934.540545657611], [1001.3276708826102, 888.2258443126946, 965.6900080794695, 998.835763337553, 1072.271569987083, 927.8955007210978], [968.853149165976, 833.3852122727496, 896.895482807824, 1012.8345709772149, 1048.2222369021008, 932.9248069620844], [1006.4133084002195, 900.0256051277983, 924.835723679084, 1005.7175680099292, 1048.1748142343865, 932.0993194205308], [1063.8313133152606, 873.7929885279524, 890.7394959645862, 1018.7151247019146, 1056.1919670139189, 974.3884286470064]]
[[1058.2195365506584, 880.6908711193178, 923.2272060923763, 1009.3317145481867, 1135.3284049757308, 889.3525651750093], [1020.2238232126845, 874.2684413377469, 877.5107862410841, 983.2643661500716, 1069.6933438429523, 909.7793643688278], [922.761086368831, 897.2781759550711, 961.9941269555023, 983.4596706255982, 1134.5923142659312, 957.088581695913], [991.477178909349, 877.5192732015608, 889.6886960314079, 981.8495452952476, 1076.435303599208, 939.9141637191187], [1012.5395620149286, 833.5314211964546, 925.7177459922318, 982.8736554729161, 1064.263213179372, 931.0862051266971]]
[[1058.9187760738155, 828.5185978379892, 919.9037427750485, 1009.3317145481867, 1094.5016262076076, 940.9500295222502], [1019.0604123674598, 842.9155239223356, 927.80242217823, 961.7413556387113, 1062.6572679207572, 1009.307007231112], [980.0976976005792, 889.2501440902394, 957.9465568250899, 1019.3667495783983, 1100.5878440273566, 1005.9268616920292], [996.5855299539404, 845.7100078470019, 899.6294910550242, 992.0805237233158, 1080.2149093611852, 961.7503535889979], [1013.7493356313003, 906.1491224527215, 939.9871444832628, 1037.158247411947, 1079.846040015663, 975.5494592245681]]
[[983.8627548351317, 873.7530660222466, 933.678763841791, 1002.4640510423453, 1143.6714114806455, 1027.1163299043178], [1026.135706328729, 864.0300880587938, 918.3658250510997, 1015.3781406089929, 1097.3991116332043, 995.2164694861304], [1011.654861272286, 904.2255334982972, 906.6344733094307, 989.5766274832797, 1119.6188293979656, 948.5905444005169], [980.7765736098247, 883.0649793663077, 899.6294910550242, 992.1955531789905, 1105.8486003838168, 979.9428627115382], [1036.3879923334118, 914.527897562363, 928.6472953538037, 971.3649175153836, 1115.5166674416284, 1036.3050916118902]]
[[1039.815511948147, 842.1427551128374, 899.3482599491678, 963.5959890064078, 1132.0417182317449, 1021.2849496994386], [946.9900162477533, 842.9155239223356, 918.3658250510997, 997.4893766716137, 1129.8455079621388, 1005.5531132346819], [989.1034006897524, 836.7101253918624, 932.052495067272, 1032.1010884030106, 1135.1230892301505, 1008.4905482401539], [1058.373539911326, 883.843968375275, 889.6886960314079, 975.4682045876582, 1107.1713868464112, 979.9428627115382], [1067.9940584155802, 907.458434768488, 966.9754749069426, 1027.05441227646, 1137.79160026259, 1023.5611437904123]]
[[1089.0018479072066, 834.9549440082642, 899.3482599491678, 993.4771381426526, 1147.7013443184544, 992.1735320407158], [980.1980220095304, 854.9466377627707, 897.7699930986887, 1025.3371434088876, 1083.8081817353902, 1032.6856569251895], [989.1034006897524, 884.2564423451423, 975.8667311967955, 1051.6331182977854, 1101.118702915776, 997.0822943373855], [1042.4326601723892, 883.843968375275, 899.6294910550242, 975.4682045876582, 1146.030572451684, 1011.2737315499485], [1075.5347531838584, 908.2688499590712, 979.1831438446396, 1015.7528048578022, 1180.8806663824714, 971.5271354571]]
[[1072.9565677757953, 859.8561938894583, 993.7532033720289, 1013.4227692910054, 1096.7714997579649, 1008.7066117300726], [987.9361883318819, 894.7103993976923, 911.7878415293757, 1060.474294948427, 1080.49545247724, 1015.8099805186745], [1043.921075372781, 879.4142313580671, 964.3167582717141, 1020.7500206898826, 1132.526913668739, 997.2244482145453], [1063.8203220187715, 898.7676937036317, 1003.0737846557214, 979.7533195857035, 1138.4255401324351, 1068.599251153824], [1073.0015548818226, 886.3315968912317, 1015.1416702350549, 1025.373839453979, 1130.3268988170105, 1022.2612655812089]