[AcoImprovedPheromoneUpdate] ants_count=10, max_iterations=10, alpha=it/20, beta=(20-it)/20, evaporation_rate=0.6, pheromone_amount=10, sigma = 10, seed = seed
[[1440.4774991431436, 1256.8241408065826, 1232.6368854855032, 1258.2217175451717, 1439.4628492315398, 1277.7430506732323], [1412.9024710160272, 1190.0599205559465, 1181.9749140613908, 1363.9636160793866, 1477.8899925954959, 1313.3661872431626], [1462.7955253319826, 1220.4178947550342, 1291.1884131657519, 1312.0249187088293, 1364.3777465769313, 1350.4532382029217], [1427.4679449580765, 1159.2455122964896, 1304.761211930972, 1341.5442001570384, 1439.9037381454598, 1292.799726562697], [1323.1367373847388, 1237.7134419867423, 1211.9748099556916, 1296.082068400523, 1325.5511144221, 1373.1206051005358]]
[[1498.5884688629465, 1256.8241408065826, 1232.6368854855032, 1261.1279458187755, 1364.1344621671824, 1252.2925819284678], [1302.9889914381172, 1108.9134449606806, 1198.7606230950878, 1390.9606091013716, 1396.2384930266464, 1348.592025085868], [1379.935483034002, 1167.022914015859, 1257.9755209674984, 1423.739475082479, 1492.0798665276534, 1313.597558283269], [1248.3244276757832, 1161.105279061732, 1246.611162579298, 1341.5442001570384, 1429.6719077273492, 1292.2140673007755], [1328.124981940863, 1212.3471858261746, 1309.1833432107906, 1254.0093920961247, 1282.7010037180796, 1388.5669337845213]]
[[1305.8177028103937, 1144.906226666661, 1220.710548667096, 1344.5757945295359, 1507.760498007207, 1309.9252294077592], [1199.5029672257083, 1190.1364001530242, 1191.2736728191148, 1367.1773980171515, 1345.2881542273333, 1342.4991143645173], [1391.1587763390985, 1032.4073508614451, 1238.7547744666897, 1384.3094261855922, 1436.8931687821666, 1231.632517318787], [1386.1324704644428, 1205.1688009238885, 1195.798690470823, 1306.7687045516109, 1372.2243497294214, 1278.8305491302792], [1297.123258149017, 1184.748967743664, 1231.8401893490495, 1275.4942618155662, 1325.5511144221, 1268.542825597575]]
[[1426.2428544593104, 1184.0693126395659, 1194.541343446545, 1300.4119733729246, 1465.5747698580735, 1132.3212604167052], [1343.3611384702683, 1172.7464970260762, 1165.8980248597225, 1280.7511896207518, 1449.1321497901597, 1310.9082082990326], [1177.6230293322037, 1163.5389015223043, 1274.2130959315432, 1311.0440238678275, 1338.4093108561267, 1175.891335738493], [1324.8032054272953, 1166.0590042096276, 1202.3327985727622, 1195.6906332523233, 1401.7561391353745, 1292.799726562697], [1295.0744970689277, 1163.789904903746, 1241.2080342895608, 1264.1508617076213, 1247.351887608722, 1275.3204864931108]]
[[1355.443009361523, 1145.0054631004969, 1232.6368854855032, 1350.1582852847864, 1434.0977164790152, 1244.193596222103], [1298.1517099071698, 1061.6846074783502, 1105.1673619769265, 1323.5042585766232, 1385.7231726883592, 1365.0955397873863], [1373.2262003182211, 1087.050927294969, 1225.7821451591938, 1165.3695589802928, 1453.5083829852074, 1289.869437161353], [1324.8032054272953, 1176.2018251352229, 1165.6423625869745, 1276.575363608481, 1382.2444907781812, 1264.2379345883423], [1283.134187235627, 1191.760289651425, 1266.8119472904602, 1261.6243642329725, 1325.5511144221, 1279.420494486854]]
[[1283.696512826669, 1127.693927764202, 1218.236574548945, 1349.2821014290532, 1391.7394773806552, 1304.5841166885264], [1266.6404495974018, 1145.0490968312495, 1152.6380575835958, 1295.493655482467, 1328.6938578977251, 1225.1855048074895], [1320.7474578796225, 1056.867765746416, 1275.2558567259262, 1296.7259110687085, 1341.834123095301, 1184.8904914519194], [1324.314156080628, 1164.6117757686002, 1163.9877264853715, 1265.4575512672761, 1311.7202819963943, 1190.6282713342673], [1299.1232691362898, 1172.7581005741645, 1239.8185796439386, 1229.929568960762, 1325.5511144221, 1275.7249908066644]]
[[1388.4303259238989, 1173.3554057770743, 1173.978381332389, 1304.9630882711133, 1316.861034139455, 1301.95949348616], [1237.2844067905426, 992.0727511647511, 1208.8000523502976, 1281.4745254041677, 1434.5071091813616, 1233.989442875955], [1342.0567079269433, 1075.1922753320396, 1207.3460342246588, 1226.9433075616216, 1306.3302764518241, 1213.5069612192897], [1324.8032054272953, 1047.4536534692525, 1188.7553686735462, 1276.080836016759, 1340.7730152535464, 1260.8397473564792], [1309.1274112685442, 1164.6767766510804, 1221.420109639243, 1264.316168495144, 1325.5511144221, 1223.7765777977345]]
[[1321.5094903203478, 1130.6414107845335, 1185.6388569858436, 1203.2585740217635, 1387.9896926782972, 1177.270617817708], [1206.922084394124, 1094.8813092230691, 1145.0026929906871, 1206.656218644521, 1428.4930586588393, 1254.4391551217482], [1277.9749359728846, 1083.2994861079544, 1124.8102517715422, 1288.0509527179997, 1366.8245861996888, 1150.0049701609091], [1250.244018620016, 1043.0473898054802, 1065.888550074926, 1239.8441148762267, 1318.1245000880183, 1277.4090289395406], [1145.3912732704964, 1133.080692410514, 1190.3124732979588, 1250.930823836284, 1325.5511144221, 1273.0840207738834]]
[[1343.6260000320044, 1113.6450684209553, 1160.3639104820984, 1153.9897663677934, 1403.5491394004946, 1157.854310226769], [1215.489569289149, 1067.448268077616, 1141.247142211069, 1152.3472095214306, 1394.6647045709085, 1295.430846990528], [1333.2570078157175, 1112.386059176258, 1203.5333893547336, 1197.6874525383512, 1321.8517302846183, 1124.9886950768573], [1229.6200820120944, 1119.0956448579943, 1148.4458879810866, 1341.5442001570384, 1338.5551027766328, 1256.364405255599], [1328.124981940863, 1080.5768508443002, 1151.3741077232958, 1186.903093556166, 1325.5511144221, 1253.7823020045723]]
[[1404.9840819250821, 1019.5200487231363, 1159.649724865087, 1290.3072795666924, 1357.196725151697, 1237.1995361776383], [1272.9449288373673, 1116.8055421136567, 1145.00094621645, 1297.2892463755113, 1220.2692535478607, 1297.827856286396], [1396.48138140378, 1063.3919051111675, 1216.7533864593684, 1216.7305151314192, 1365.6037872252573, 1181.2653485636915], [1347.4580762127755, 1094.4197888087565, 1105.954676682041, 1265.9268011069614, 1193.272464729256, 1244.4176256510675], [1226.560004367396, 1075.7753652785543, 1122.7277882297124, 1242.57817764566, 1269.248420222905, 1195.1667020409309]]
[[1308.5989306944416, 1118.2351290075212, 1133.1614593708932, 1288.3351333988835, 1381.267272418955, 1254.2881497181827], [1259.382335875833, 1007.5697935314072, 1169.7467507949818, 1238.582658784889, 1386.5097005137914, 1212.5255574516282], [1203.0149230825866, 1069.4107417770006, 1043.7088344339484, 1261.5873004036944, 1371.06886242187, 1209.9117201937647], [1140.1427832579006, 1010.7219913530189, 1143.9156680040362, 1233.3384991565126, 1325.6002690520475, 1214.8840084370354], [1190.4682186472887, 1016.4383383229297, 1190.6981339993893, 1103.3148429744158, 1325.5511144221, 1191.068666308026]]
[[1256.6341457944516, 1101.0242161703443, 1178.7384280013787, 1214.373329212397, 1356.6748603881938, 1243.027861955892], [1304.6799602069952, 1097.5006795289328, 1092.344513314382, 1169.8048893270159, 1292.7470210251822, 1213.4382976675006], [1302.5188773030288, 1034.4903432964193, 1113.8548078925076, 1218.322573319101, 1330.939555579061, 1228.8569735614026], [1082.2470924149716, 1120.1595662195848, 1195.7064353385458, 1245.6950108969183, 1206.611553078756, 1104.3335568250368], [1319.423690667891, 1141.9299703998981, 1146.119764682284, 1209.0788082351678, 1209.5171457494466, 1179.9953102572365]]
[[1366.0051736579537, 1090.519244968438, 1088.0249561429687, 1161.4097506738494, 1366.7790149378598, 1225.0002467976642], [1243.2986713850196, 1019.9024558055705, 1156.324352001028, 1181.2278579652107, 1328.560409311, 1165.1646601775424], [1328.901557813954, 1021.1227865792964, 1118.439404252153, 1177.8892474117788, 1297.1169039202175, 1228.8569735614026], [1259.4467230953242, 1090.361592257927, 1142.6855633057594, 1180.9690301371534, 1225.7630824274042, 1254.7389210405122], [1300.3889991888755, 988.7957614490629, 1102.7029529292784, 1209.2203748969127, 1209.5171457494466, 1211.8667624949403]]
[[1217.005461968587, 1132.9995101926888, 1078.8752080059205, 1196.2728801928577, 1293.2579699852756, 1144.1226581341168], [1128.4059251153258, 1143.4563507099256, 1125.5735829533262, 1223.8781412951892, 1336.2517543622946, 1223.6048454931156], [1267.9331303168947, 1050.758432424736, 1124.2980358937814, 1157.7711817204668, 1316.0260264125104, 1226.9140332307777], [1268.766859836156, 1118.8106912777484, 1039.8265893529838, 1185.9264984040478, 1245.6106113567337, 1238.160398504161], [1316.7933794670423, 1029.9367634528976, 1173.114627619882, 1193.309994449002, 1209.5171457494466, 1240.4281429571015]]
[[1220.6496226534666, 1143.8826275238132, 1101.1547460074923, 1167.3815351636492, 1283.958612254264, 1102.8173485137113], [1298.485613568788, 1064.2331679992592, 1080.5668721941875, 1208.6510857815795, 1281.3561398397476, 1244.7425077864107], [1175.9059675904846, 1004.3509859528382, 1037.7528419725763, 1142.4858654853126, 1316.0260264125104, 1178.0052353383642], [1321.241252655874, 1114.3579587939391, 1187.4318832643114, 1191.83625035121, 1326.3189670390152, 1213.718525948466], [1324.107953044378, 1029.9367634528976, 1176.4692725878986, 1143.4578944055024, 1209.5171457494466, 1231.2431579903123]]
[[1257.3914289428692, 1030.0384071093558, 1101.1547460074923, 1235.879115313464, 1252.7609339969588, 1236.357191933151], [1258.8671434941311, 1086.7898623446818, 1125.0197697609494, 1213.2891032903183, 1290.3604769858052, 1141.587365972866], [1236.9657314845304, 1029.7383504562742, 1149.811362268177, 1257.4030863449411, 1313.5484391672903, 1217.5239401868957], [1191.8115459334492, 1018.825671784444, 1182.8844312011568, 1262.641186561108, 1347.772302054247, 1160.9276041241242], [1227.4057888340055, 1067.0068800232743, 1163.9331552857166, 1105.1909854341854, 1209.5171457494466, 1270.8393777757278]]
[[1244.8586488414278, 1132.1258202825734, 1101.1547460074923, 1159.5454143382901, 1359.3434220723789, 1197.8240886735514], [1240.2123579821005, 1045.5271027149045, 1099.5160623955805, 1170.8526449539575, 1219.0090761801364, 1233.343439110237], [1238.444590414436, 1003.3247925185748, 1124.8223920388148, 1182.9538442725202, 1308.813750704629, 1187.9653400461277], [1149.686079781223, 1018.825671784444, 1159.2233328409907, 1105.1040896962004, 1324.6461527849262, 1188.3841516262682], [1327.1439229714051, 1091.7208471240958, 1118.4760231069695, 1166.9448089299808, 1209.5171457494466, 1254.602769754865]]
[[1265.6988599697734, 1134.7799015704368, 1101.1547460074923, 1179.4409420492307, 1277.5801685243907, 1235.904975587056], [1299.557671771272, 1114.2732015192812, 1122.340274269163, 1218.4588338960275, 1357.2362832470326, 1189.857313899823], [1349.0416544767738, 1063.0884292674734, 1152.0054458540562, 1171.8429696448773, 1279.6846611639596, 1159.1853336377023], [1317.5770193779565, 1018.825671784444, 1054.0685702150352, 1145.523162996625, 1341.1384300892232, 1206.2554720531941], [1305.4876253930477, 1032.8478951254021, 1096.5680616290654, 1194.329285926421, 1325.5511144221, 1227.7008340992345]]
[[1206.2549843020654, 1062.7016061559132, 1065.6222904089802, 1179.4409420492307, 1374.0969661545037, 1169.9720348819228], [1336.8512002429168, 1065.320302535929, 1152.3296761255074, 1196.9711509827737, 1246.9654680100318, 1205.8252950018261], [1209.912992672902, 1063.0884292674734, 1081.1274533002766, 1241.2766010755122, 1313.063904675218, 1164.539922328336], [1162.332118917712, 1018.825671784444, 1077.1338721451266, 1201.5279177922184, 1327.179511713381, 1173.3764367920664], [1257.17243599444, 1141.6566239418307, 1106.8743201560508, 1153.898464734625, 1220.2569284417232, 1181.6799526689674]]
[[1264.2822560095167, 1062.7016061559132, 1148.7436665633443, 1179.4409420492307, 1400.5197488582846, 1147.7233811683527], [1223.0725627182553, 1089.543020441143, 1121.9329586457948, 1199.271767215734, 1264.592584172442, 1144.0887717384062], [1262.361813602701, 1013.6969344203411, 1091.1212637707238, 1120.0289084692163, 1306.388004028899, 1108.2544094149762], [1242.1089180863212, 1010.1343901756104, 1159.2233328409907, 1221.8775434845506, 1300.6717420339492, 1098.815171495689], [1257.17243599444, 1022.4033150927232, 1070.257922633851, 1169.166448082311, 1248.851092972114, 1226.6475510642852]]
[[1421.8042643170654, 1188.7658031050441, 1232.6368854855032, 1195.9768789727243, 1388.2903051240844, 1279.301699422513], [1301.0249172143588, 1065.00044611479, 1226.0949195264689, 1337.773255311585, 1377.7758458086323, 1343.4562653558646], [1395.0266283295744, 1175.408612526915, 1248.0497562853718, 1293.127238552156, 1437.6705567642298, 1201.4927017911966], [1302.9691486564316, 1135.6348428138767, 1146.5441503365237, 1276.0952049812136, 1393.4333012068075, 1292.799726562697], [1253.1670147641023, 1141.2777614966524, 1157.502226988573, 1292.4698013423906, 1325.5511144221, 1297.1106204457992]