[AcoImprovedPheromoneUpdate] ants_count=10, max_iterations=10, alpha=it, beta=(20-it), evaporation_rate=0.6, pheromone_amount=10, sigma = 10, seed = seed
[[1409.6550884184169, 1189.801717163851, 1158.355198771877, 1293.3920174506134, 1390.1522274715953, 1258.9209461947653], [1170.8219850126536, 1066.0262563849567, 1162.0811080907954, 1339.1049718775062, 1316.5797205308959, 1292.6043903551972], [1337.5291926399145, 1039.8711866827118, 1232.8237025992235, 1278.982556417746, 1325.7990862393453, 1115.5685042628277], [1304.9203941727812, 1124.4233448289624, 1295.328445575466, 1236.7413982353457, 1307.563326104221, 1114.7776505501336], [1264.6713566374983, 1166.2502684041117, 1198.5449854249562, 1136.1892791857892, 1088.9199767244247, 1215.1175850218722]]
[[1336.868159431037, 1157.6614694358182, 1045.0497976009808, 1298.1811282054398, 1249.1352422796429, 1257.386881406457], [1169.7579637306524, 1075.437455239276, 1116.1501726873862, 1134.6231275388336, 1392.9432101110904, 1434.560632138064], [1286.03777937555, 1108.7187693859169, 1199.6632460742887, 1257.9959426096784, 1324.6983798899594, 1169.9714741270195], [1134.8360739337197, 1001.9256016595484, 1221.5011122234002, 1180.4991603644478, 1327.4505597088785, 1198.0669351276786], [1205.1193776853668, 1208.5001570530135, 1164.8003237424282, 1182.2268926803827, 1192.7341396874335, 1121.9351285809134]]
[[1235.0179978967074, 1097.7438776653203, 967.425799593025, 1118.3534727307517, 1266.645336232626, 1156.857556259795], [1168.7878401377998, 1052.0601548152522, 1086.9170257023632, 1220.7248896852086, 1414.6877273706077, 1294.3132647164407], [1184.3839562131218, 1023.8873649913687, 1241.3446915987186, 1156.2424346146595, 1255.545963878046, 994.9169666275308], [1153.3012873731452, 1115.4939396980294, 1206.1521707731868, 1205.0215322823292, 1244.1696779060298, 1215.756673418075], [1276.255466478669, 1129.0798075033786, 1171.0025960027438, 1149.2739582882198, 1239.0492283775702, 948.6332691224699]]
[[1091.8634230579723, 1100.1681267190704, 977.2335907051917, 1173.5699659038419, 1295.3675471009535, 1209.5132400057612], [991.8147022838164, 1022.4546128164648, 1086.9170257023632, 1197.2372143319537, 1341.274308096408, 1203.7723661269542], [1275.8838369221842, 1084.2468776408275, 1119.705583969308, 1177.0642807350114, 1236.9689130597685, 971.2362031896561], [1233.1735776694236, 1032.354104939533, 1238.8287578887396, 1185.4484771704592, 1175.4885749002851, 1069.3893978675085], [1174.4587322633952, 997.701444092908, 1192.8077808560101, 994.1041157510336, 1131.1350698385909, 1075.354959588531]]
[[1296.2052481082994, 1108.1738608257074, 1051.3901613629507, 1140.3739952229323, 1211.911315393386, 1203.1906346668045], [977.2130222392657, 984.9699032760567, 916.8335553737729, 1185.7908954445747, 1242.5625416538232, 1148.0788271943989], [1239.5002342061139, 928.98953493479, 1161.7144898279907, 1191.9419792423946, 1208.0031389013088, 1004.3451999179588], [1150.465676307693, 989.3078443466343, 1110.3895994564098, 1121.213829929219, 1112.29961935811, 922.6052418284506], [1131.9878138502188, 1038.8090042765143, 1007.0382424317471, 1059.31096778637, 1090.9733893162859, 1140.2673882275117]]
[[1257.7031520738444, 1030.8416587227466, 1039.1222427242692, 1087.010612787011, 1212.6059107643644, 1086.4599816975788], [977.2130222392657, 976.1161879327668, 999.1266432767105, 1063.1759987775729, 1202.4319569350316, 1071.1861504576061], [1246.5024602436524, 975.005539249903, 1131.3810510758335, 1128.1075433286633, 1169.9712196254006, 992.705829359684], [1037.8325930414728, 1021.9280875812096, 1065.7659457263806, 1184.4935976277693, 1157.4414039183696, 921.7680615714825], [1147.7518435076381, 950.383267560448, 960.7280028556124, 1056.921261475439, 1084.242509269786, 1045.207404771072]]
[[1038.2979939486115, 935.0495540384353, 1061.0984968999994, 1088.1700447026235, 1080.7250808207045, 1067.7764842435336], [1056.3289538992824, 931.2385578113996, 1070.1494073064293, 1121.27558763028, 1146.991685832867, 1097.1707731517652], [1121.822922337701, 1039.303678366549, 1072.4169085491137, 1165.7272251426468, 1078.928773077898, 997.1085276550958], [969.4202286552309, 1067.9743113989596, 1060.0148428486013, 1033.017526735286, 1126.7707589140014, 1007.2365049186723], [1105.1882138002904, 921.4192035191859, 1072.495847410287, 1063.77286731802, 1086.5403606764585, 1037.5204240273652]]
[[1124.0267233384868, 1038.3255371351738, 925.401748472528, 972.0132499260014, 1154.1730120560135, 1082.9240362512357], [1059.647463745225, 948.129797242609, 1008.9932018956163, 1047.7022586236117, 1167.512717090864, 1049.9934414124757], [1198.2231030489447, 943.6379614981531, 1024.3853775373148, 1033.6052027058206, 1034.8769277588647, 951.8172837012198], [985.6328886564665, 950.3827282624475, 1071.446012257916, 1118.785313255053, 1127.6801215132534, 958.9227503096038], [1117.1329748365888, 1014.8470962590826, 1025.4372285992954, 976.1888912459927, 1106.8060956331988, 1035.2576649279247]]
[[1083.6325259223258, 947.4674100129199, 1000.3081506845741, 1022.9876621189969, 1182.1674591195185, 948.4179831458343], [1095.764795288745, 907.4409716295274, 1015.0062681393069, 1042.184026482273, 1167.0540505823578, 957.6383589498329], [1201.3950455959016, 943.6011644071951, 1091.45383372918, 1083.5918522991235, 1150.017134156528, 1018.0640441482573], [1095.191168237895, 990.1421661636779, 1021.8068064341185, 1059.164568943362, 1046.564129198079, 978.8288575136744], [1020.6706101370447, 954.1059814668183, 1025.8375969676772, 1024.9139278553866, 1091.7768541359744, 971.4409143830858]]
[[1013.2438412658993, 831.8347873809137, 1000.2095405698813, 978.9884122426587, 1084.5928490713854, 1096.1364391263119], [1084.860402109121, 944.3764327215364, 913.5874387890464, 987.5691675595829, 1142.7858902184091, 924.6713777924725], [972.0719666435167, 890.2603443185036, 1026.656033923793, 1027.1458437306776, 1116.282883900566, 1029.830751103576], [1095.191168237895, 923.6427940852725, 987.8078700294815, 894.9461271153449, 1125.2938081674915, 978.8288575136744], [1019.7738317636314, 858.2938345039931, 1012.485693338768, 938.8531194964286, 1081.7279151284943, 946.6839140018332]]
[[1061.5344006425898, 886.2537175125641, 906.7752918245469, 999.1330458911822, 1142.0008785902812, 954.0818223435801], [962.8598750604123, 879.6509722180796, 1049.7278438951068, 1046.0189067797196, 1142.7858902184091, 968.8581352864603], [1039.4003651068776, 884.8210886910045, 1126.9629170745163, 1043.2222675746525, 1144.1559388157016, 937.4471188538397], [987.782794336579, 951.0936463018459, 1024.2764085787292, 974.8444207813437, 1078.594931571386, 879.6761144746479], [1071.4554576552362, 861.6421462955379, 1000.9806455505613, 1064.390976051633, 1093.7340028039707, 977.0933551610917]]
[[1017.4831865052269, 889.8595211814735, 870.7039509098532, 936.6680305275901, 1091.8993101877418, 966.4881240492371], [973.7728830509238, 981.914319134569, 1054.6127607764524, 1012.2668523802502, 996.4842350988406, 960.4828346782704], [1060.7490223909917, 834.4420487164078, 1070.5171883654525, 1020.1301326287207, 1104.8480171573065, 910.343071539331], [1057.3398096624098, 906.8867896639226, 999.5828068140939, 1023.9192977704904, 1056.1664425801016, 982.5978664226739], [1026.970846575733, 832.9466748389303, 1012.4856933387679, 947.7047183104687, 1031.6432224086752, 969.9908142184746]]
[[1010.5641908229479, 889.9680610715288, 862.146114546692, 977.5308406774392, 1085.5493210014658, 1023.6106055100084], [993.9154952277923, 920.7820718756117, 1006.6243818491627, 947.1871026883316, 1002.037651952007, 888.627908278022], [1127.8938144018275, 865.9351082437821, 1050.617489595105, 963.7749145051046, 1063.681413514877, 872.938729926462], [1026.2631113164641, 872.7666009897036, 941.6597874331999, 906.4095761165136, 1037.1714233200887, 934.8059961899905], [1088.9935282189272, 838.5398631135495, 1007.4556903838119, 1017.2655600173009, 1027.9493329687737, 990.6253081032135]]
[[975.305178980148, 902.0163536166906, 866.9382890392789, 981.922673291443, 1048.0594822585872, 951.4899761089578], [1026.027851440713, 895.9735765388577, 1016.2244784088688, 921.4096598737628, 1029.8163350600144, 890.3609935932593], [911.1681104105564, 791.9998358632066, 991.7517742511275, 977.0628294084402, 1112.5371749320504, 921.6698924192332], [951.1103607180282, 906.6216527837031, 958.2969607556078, 921.1913635973599, 1061.655436400574, 890.1885035807394], [1089.1525849352442, 771.0271496553289, 1024.0209780561356, 1016.1765639795044, 1025.9969362403704, 866.6230447297797]]
[[989.0251033970721, 905.9365517727522, 910.6581744783766, 969.0113187855018, 1065.052989517764, 936.3162734149593], [1014.8647058056706, 861.3886875101364, 1012.9021969399738, 921.4096598737628, 1082.969007789854, 917.4797493042886], [1122.6455464449105, 817.4001654725313, 985.4080423888738, 963.8702268898035, 1046.349968147775, 957.3274225083507], [954.7920814346114, 904.5566456629853, 980.3503873365687, 893.6565044436952, 1060.9414351646499, 928.908767582256], [986.3339327552196, 820.3860450114124, 1007.6789848529199, 972.0211985839352, 1032.4494463059223, 934.7686846209269]]
[[989.0251033970721, 877.5482741257888, 909.6759472089055, 990.0820933573739, 996.2906145177451, 936.9030198486631], [1042.0202553675476, 842.3484970269661, 997.8289621788915, 1015.3464802866898, 1102.74841575216, 943.7835809079007], [1072.1216270113516, 760.8327253326768, 1020.4866223302264, 962.5538060881913, 1046.0693902355204, 911.1050585863795], [955.3979581852818, 889.2302207533694, 962.576908287573, 981.4041085810218, 1068.3823508327193, 908.38721785063], [962.0121579759814, 828.0069715643582, 1020.0137300892317, 994.6624207576035, 1038.6984597861237, 867.2491102267127]]
[[1023.2292953033875, 806.8267067803803, 873.6902640177935, 988.7578475517543, 1050.466317934489, 934.3240177096521], [1019.3765081927022, 872.9290940642186, 993.1562164526957, 913.2409639653563, 1081.6882948534274, 923.5394369891052], [1050.9779272871856, 728.0569763048878, 1012.6016220538282, 962.5538060881913, 982.6561175885726, 897.9380294256168], [1024.0012743891195, 892.3044393177307, 981.7623896183125, 908.199778318274, 1071.9078958453065, 857.2545078324741], [1003.0505544182124, 802.9030096991047, 951.686201438097, 970.4518833566235, 1023.8846526384749, 809.4430375926731]]
[[1027.5062044316328, 818.8180058362319, 854.3632245606993, 991.2258522405116, 1040.0162027523334, 878.5989252866084], [963.6075049555238, 869.3365563571922, 975.0848179011039, 964.4543236701502, 1079.0158406944145, 917.2398133792827], [1061.7560246468418, 728.0569763048878, 983.749312374251, 983.9835364727413, 1035.3634742447534, 901.7082671756388], [1037.078737246897, 795.9211339265885, 959.8537663175138, 891.7680629379472, 1066.3870451405755, 901.1212901795543], [1055.696033617866, 818.5899738039066, 1008.7632713993996, 964.1671821572163, 1036.8715001762257, 854.8089833819519]]
[[1035.8892630764574, 822.0266679619086, 865.2137985947415, 988.3479904746836, 1075.3579740992068, 944.4927933879337], [976.8116119672128, 867.8076104964074, 918.6949809367384, 975.9256076453137, 1042.7565349481483, 898.4415450511576], [1061.7560246468418, 759.9149031598588, 970.0608733321989, 988.4952769090894, 1029.731212722273, 855.690959894541], [1014.4299857951154, 907.9732831108576, 965.4453808884836, 880.6684209218593, 1072.165588902513, 906.772738591575], [1003.4710702870412, 835.5140319652375, 986.25918354023, 919.3050320081263, 1042.4161648233742, 872.6782674079786]]
[[1062.131737969379, 820.7374647162812, 914.7702017289253, 980.4314699871348, 1032.7753718908502, 944.1453657673683], [1026.971136340398, 882.609511895203, 947.274349640889, 994.517055456427, 1030.190437403013, 910.2157338671175], [1040.2197987936515, 764.6445517577114, 975.2967462150066, 972.4676626378636, 1068.525776210151, 834.8234487341933], [1038.0474443709466, 835.7133938116143, 957.8801145156126, 885.2916215965686, 1085.8519688794318, 896.6869633284842], [1027.9905304048752, 835.5140319652375, 1035.9711623393198, 900.2961369602922, 994.6831865946726, 864.7833720637717]]
[[1022.0604074334292, 776.4420663139877, 899.8098095192017, 908.5367398708277, 1048.368841418256, 896.4727493933648], [1026.003277775558, 803.651457429708, 901.6139958011199, 869.6163565039145, 1030.526867409766, 903.7623210145349], [1022.0604074334292, 748.8373674206523, 907.5345662018656, 897.9420963877646, 1049.4971337606432, 860.5358482799783], [1026.4519060772911, 738.5582485682291, 963.5267019434154, 901.424513872302, 1027.8714536827417, 910.0693588867098], [1021.4545306827588, 767.4875126748237, 925.5855849409177, 890.2227556783598, 1032.2505076756206, 856.9050408933516]