[Aco2Opt] ants_count=10, max_iterations=10, alpha=it, beta=(20-it), evaporation_rate=0.6, pheromone_amount=10, seed = seed
[[1030.5413200182488, 924.9090604909467, 974.3421423027331, 962.8781507334686, 1051.4480713779299, 1024.2978185215338], [1025.9708411628517, 911.9930122668604, 1002.927678423851, 970.4187446340974, 1105.259094769496, 1112.876258598461], [1171.0765235193194, 824.2303877980642, 1034.2813432865871, 964.4599689231366, 1130.350312936907, 996.2354008942759], [1074.4404552651154, 825.4509561662152, 981.7628536930727, 1108.072109064694, 1060.83198757271, 911.0184284135455], [1072.9440375494878, 915.3242386699812, 1091.883979959945, 1043.818934476661, 1110.6740313319171, 1072.7381041367255]]
[[1065.6270758858477, 979.7498087887909, 896.1303007764553, 1000.8781405684317, 1043.1982203463374, 1082.6813451555224], [988.0643579096372, 951.1762629739601, 976.6133900957701, 960.1696466697947, 1105.259094769496, 1028.8609991455285], [1126.7974034814122, 881.0103454797382, 915.0893537533798, 936.995484323144, 1170.122296141033, 987.102790764175], [1043.9487455479923, 929.1205268366571, 1000.9599100747977, 1001.4453338112153, 1090.5280060424539, 942.887266775587], [1037.8089004539465, 849.8413365502604, 1050.9258037449508, 946.858925284461, 1127.1717079855912, 924.6110499308837]]
[[968.2084437528856, 834.2607286978667, 1024.3910719784164, 935.7178170403942, 1112.011213754401, 907.5659569187478], [954.1112080175578, 927.9343433677928, 1009.4760490091086, 999.9083742861546, 1077.2528304809146, 1046.9710667549068], [1118.9380008254989, 861.9868628901983, 961.2486009333101, 924.8046471452275, 1142.6048911964544, 837.3529902525402], [907.7099645390608, 875.8253917805469, 922.7633125839618, 985.9702425240993, 1072.6181005360606, 917.0887336288424], [955.8416064868745, 748.9411069817472, 999.007381185005, 952.4615249659705, 1119.0244586628178, 939.6705866693038]]
[[989.5178132333624, 908.419995124268, 909.4739604391549, 954.0308408199696, 1112.5725786852845, 912.8555046565072], [946.9643069572762, 839.715010640718, 922.9146556233183, 1004.6082679625086, 1046.9761823647611, 944.1749181796043], [1041.9612919092708, 861.7980488748208, 994.3185449605485, 962.3854509544724, 1092.3822620338774, 962.3028407254186], [990.0257593823405, 895.6542975569051, 891.4399500898662, 940.5341764698182, 1052.5390853370805, 863.4726163228078], [1046.8761206107374, 857.8499089137706, 985.514318005494, 912.0326681236376, 1016.5229741473786, 900.5384344544863]]
[[1022.0832648352701, 771.5506846973261, 913.2661861907393, 955.8267725629483, 1019.764759176385, 928.1716949099662], [1049.4559429125463, 905.3340349278017, 1003.5493723126609, 990.5226736133815, 1086.9063706745255, 1000.4578729159516], [1005.451526912979, 863.6625268143313, 941.270365855342, 929.3803726129692, 1129.5716150109292, 963.2105217291712], [976.0350006330638, 819.9704511908276, 855.8164762053002, 946.1125813589515, 1100.5436869239375, 885.9184996255224], [973.8574408307493, 839.5253425754128, 933.5404632027498, 976.6554194891086, 983.0076876070099, 955.8694737171185]]
[[1015.0680777894769, 781.0570167046811, 861.4193711602554, 972.1051249753725, 1036.1562661872993, 930.3201706871436], [1014.0069329219799, 872.824736974196, 967.1691303916979, 1021.4251809418012, 1118.5155677476137, 843.577485784817], [971.0365980013194, 805.942031493048, 922.1178707195874, 953.335927667537, 1125.5176839734843, 915.5483686829333], [959.5373108203105, 822.2557671886628, 911.486108500581, 973.3796797115532, 1058.7008652649736, 878.2012222549611], [887.8561728543717, 822.6440384069106, 961.3668143914942, 897.5636461974467, 1085.8465331984028, 899.5366904393945]]
[[1014.451484107879, 835.3172203941649, 867.1932827889549, 907.3707874044134, 1043.8555463759835, 924.3807622730205], [982.6836096713447, 841.5672059713263, 1006.6588757009212, 957.4052091276947, 1096.9406447266554, 940.4721764866625], [1083.1164054990168, 808.259267109928, 944.3853127739802, 955.0170969313699, 1105.03426096673, 917.9033084431754], [961.9466938803776, 899.2950802497431, 902.0619796209078, 949.065236741143, 1043.54584483573, 868.0997762863444], [958.8969877878096, 834.0521864518818, 1025.8287954048096, 1010.9103608675484, 978.9571696182256, 859.6335561945989]]
[[1024.7382377558115, 827.6938310377678, 931.5087617781084, 893.3901918506966, 1108.2271659972212, 885.2667103287858], [1052.3734701251872, 844.5354118031395, 936.6294949349913, 927.2856338825259, 1074.3226115689113, 875.369356939267], [952.8701804939037, 817.3238481639154, 897.1204271870411, 912.5509321874188, 1073.095522938156, 866.654942353837], [948.5170234119228, 789.120349553446, 945.2552914256777, 910.418049810864, 1059.3096843446465, 955.935705343025], [949.9782163050395, 802.0913775448435, 957.0448166838419, 894.6099757178881, 1049.1695998470964, 842.6346172964923]]
[[1032.2794471325176, 857.8244195478603, 892.3263418083346, 911.1865479701842, 959.8933972344481, 913.163097231544], [928.9558319900787, 803.6330178353738, 905.4982899013961, 897.7332548461474, 1032.3994518678865, 860.9694457447544], [997.2158322054179, 809.2791872419784, 910.948377684673, 956.2661968499133, 1047.7204076339704, 857.8562366148681], [983.790723640205, 880.4922984024691, 932.0977475116854, 863.2240850601041, 913.9406003647118, 885.248273962875], [955.5789849249476, 810.0581983135526, 923.6047083408853, 884.8099195034978, 1000.3306871170253, 957.9986675617068]]
[[995.7830147427459, 792.7948906287972, 933.8034858928825, 925.2700777568693, 1067.5994092464082, 822.0751627505224], [1002.9474155599411, 845.6554071969605, 952.4759374797392, 891.5509934526082, 1072.3164096420603, 847.0460942080224], [951.6033894807608, 831.1535473781594, 908.6922211136766, 953.0509640813342, 1037.9252192430858, 869.5740589797203], [949.2293807312743, 825.835016708992, 885.1831686217554, 863.2240850601041, 1017.6157144026454, 913.3762085258821], [923.7101709186857, 825.3141851217382, 897.8532938426804, 896.9349854821196, 927.9496201571599, 882.7762855515799]]
[[1009.6976953060993, 816.3940305284705, 900.9966947567356, 875.9785053282421, 992.4796398172924, 888.1331423572923], [957.547380797706, 783.2671433211272, 922.3433961557695, 932.9650556764582, 1001.0777955671805, 882.883701253288], [1066.5282372079803, 789.4511623978227, 931.0263530500749, 899.7117590649577, 948.5674666716588, 938.0541466365522], [1109.5860730349336, 901.5883576098773, 877.425822010524, 863.2240850601041, 1017.6157144026454, 906.5296291311033], [1011.1742502455752, 791.0605699813398, 942.7282874830952, 910.834202436639, 1018.8216903657597, 898.3105819482649]]
[[982.6003063664392, 855.7046039307719, 892.400236071188, 970.9233094321551, 1022.697095509072, 890.774917260035], [990.3373938516752, 808.9637349149259, 966.5723973174827, 926.1977536353988, 1007.7329374611259, 818.6291181989621], [1016.4679315723187, 799.1652297033149, 888.124426571244, 937.5654788195186, 936.334416619545, 893.7409864553036], [1022.4602972719355, 816.2352781288147, 837.995117157085, 863.2240850601041, 1017.6157144026454, 847.9035976475122], [941.4052562721888, 772.5590305852847, 884.3906130860718, 946.7343403450552, 969.1373158364075, 826.8373158841429]]
[[1030.9492578539755, 845.6804281318317, 896.1621094801179, 937.1863578842803, 1022.6735886873174, 869.3098246301025], [979.7264837911816, 809.5301843528375, 981.5958311171756, 917.9929065129656, 1081.625603353295, 814.2009781351347], [980.3736379881676, 839.1250278057429, 864.825141373684, 922.7407003538225, 974.8580486431099, 916.9091422811895], [1005.4556010054206, 794.6132779505484, 903.1512179274234, 847.1952845415786, 922.5507179492547, 836.9054200543285], [1022.5715097758867, 826.2392916964618, 916.8818498454027, 946.1392189433378, 1003.3375321794401, 866.854112820414]]
[[992.7854627683589, 751.967957448982, 830.6364119327881, 936.8401700634408, 1004.8118598076743, 870.3737067073832], [918.9268641581136, 804.6784315073852, 978.9409916135106, 939.0204994971056, 1018.7880839907011, 806.732814502724], [1001.4573755082838, 808.2976809075224, 865.0048401906187, 895.1541941719047, 998.3165624829321, 837.580674010105], [964.6451667760863, 839.9135808631321, 882.77807528756, 918.6338348081745, 957.2591513767322, 865.9700336798956], [869.6186792629964, 783.1616110108351, 946.005477524088, 875.1999643546628, 1032.3176233958475, 871.9574449910656]]
[[825.1006767665014, 749.9451675809445, 872.4461879790092, 897.698118304044, 1038.1314230492542, 811.0510165859482], [911.7936799966049, 804.6784315073852, 943.2904099322392, 911.6561527126761, 979.0156456841196, 818.5508211368265], [1035.6085984048827, 758.5467427281255, 844.9774949886946, 898.9637630378793, 948.6087261859543, 839.4855530839299], [1026.9867592136027, 817.4815194013978, 873.7621198111483, 937.105122233852, 960.3451156946625, 870.6170959181018], [938.2745603509073, 795.9502671533976, 861.1475291776026, 903.1532770519802, 1001.9866443631968, 868.0829415600424]]
[[1016.2172026181306, 786.9300105967283, 854.0858886774463, 897.698118304044, 996.0943359220184, 842.8369008205067], [1015.951393075074, 812.2040425163044, 920.7032840263512, 936.1585054556119, 996.7705827926313, 776.4206501558905], [982.4540709158574, 810.6763226641106, 956.3335445006794, 881.635246296399, 943.9837632228039, 868.1141243920038], [988.2894397697004, 769.9723968122323, 864.2092548429296, 849.6112835540755, 938.8035964937394, 853.0718139699466], [938.2745603509073, 782.3848744640604, 921.3432957475023, 873.1539708547015, 1001.9866443631968, 878.6970845513313]]
[[1025.3593117067237, 756.1841503420912, 894.4638253525593, 909.678446919571, 1017.7086135324694, 899.7908943447361], [967.83745488348, 758.0405038247677, 906.5531281112221, 943.9739470923272, 1028.3718429243154, 867.7104240217378], [1047.4782342955689, 814.8540285406153, 892.9476983657034, 878.0485573953231, 1004.9065765568013, 831.367341587643], [992.8100180925081, 769.9723968122323, 831.6929925468037, 861.2362879335092, 981.1930186364906, 834.6581435861237], [938.2745603509073, 782.3848744640604, 929.2922911609086, 888.0650735768014, 998.6004821460031, 873.9566387632661]]
[[930.5173463265019, 786.9300105967283, 876.6126989870767, 899.8082399499224, 1013.9605027766229, 865.7208768839159], [992.8100180925081, 797.898998819019, 882.4031458202755, 912.9766914204332, 1025.379355531226, 812.4020893516698], [979.8368742778741, 761.8301095445298, 875.1241873132652, 881.4562334896895, 1038.9597665582937, 854.5017141161227], [1004.994920600836, 754.3934326417344, 819.368418259165, 859.2328488875103, 984.7740100553258, 873.2871652368449], [922.0968373857855, 751.5384105898096, 934.1727210815599, 911.7952443483616, 1001.9866443631968, 870.7694365712523]]
[[1010.1594267121582, 779.4724031667519, 825.917353857099, 903.2159160442886, 1011.8266676683801, 855.41595289228], [992.8100180925081, 800.978257130227, 916.4631130938739, 932.2858516477676, 1037.6895091320616, 858.242078486], [982.6001616570838, 760.6579369734237, 840.0797408034489, 894.7239854001266, 1012.0866192749211, 831.367341587643], [992.8100180925082, 721.9375487433238, 919.3437641717856, 891.6891598588427, 1043.1872350115455, 836.0037937287143], [929.9114695758313, 734.4194618226692, 964.9345983829289, 911.7952443483616, 1001.9866443631968, 887.7354298179416]]
[[968.9125614565038, 753.0222013254926, 890.5541519638339, 903.2159160442886, 1012.7128509666103, 818.8707193962144], [991.2789451791248, 787.8546422527788, 869.3386036351875, 928.580154644456, 1018.7880839907011, 843.5023830841368], [975.2134612428185, 734.4194618226692, 860.4073024877476, 875.9274579956104, 931.7164552110867, 882.6447179905593], [1000.7451621134383, 721.9375487433238, 882.6139886126396, 917.9463805973495, 1022.5944385202656, 836.0037937287143], [996.4445247603171, 749.6956981657643, 934.1727210815599, 911.7952443483616, 978.2036422000211, 888.4237520272821]]
[[1010.4221569021762, 754.3934326417344, 894.7297682974331, 881.5694599315698, 1007.8716342499075, 875.0520877055701], [1011.9016018678154, 768.3081385243735, 890.6789871253492, 849.1965248573665, 1016.6243741034789, 870.9445539660583], [1009.2844052298321, 721.8029698045726, 899.8681994892511, 873.5184531180953, 1021.0542296228351, 835.2401898865586], [1014.0113845900337, 721.9375487433238, 951.0458427250204, 875.8199583685371, 999.4285495449336, 871.5470490620636], [1010.4221569021761, 754.3934326417344, 915.0410578586864, 871.1505318087022, 1015.0533368789584, 832.9229926255568]